data/2006/output_2006_000000016000_Morphology.asc
ncols		517
nrows		378
xllcorner	499547.500000
yllcorner	4174982.500000
cellsize	10.000000
NODATA_value	0.000000
[rows 72 to 95 of 378, columns 270 to 323 of 517]
2396.400000 2392.500000 2388.500000 2385.300000 2380.800000 2377.500000 2373.500000 2369.800000 2365.700000 2360.100000 2354.600000 2349.500000 2344.200000 2337.400000 2330.400000 2323.900000 2318.500000 2313.800000 2310.300000 2306.700000 2303.100000 2297.100000 2289.200000 2283.200000 2277.500000 2272.600000 2269.100000 2265.100000 2259.900000 2254.400000 2248.900000 2244.300000 2239.200000 2234.600000 2229.800000 2224.000000 2218.600000 2213.600000 2207.900000 2202.500000 2196.900000 2192.100000 2187.900000 2185.100000 2182.200000 2179.000000 2175.000000 2167.800000 2160.600000 2154.600000 2149.500000 2146.200000 2142.900000 2138.900000
2396.600000 2391.300000 2386.200000 2381.800000 2377.800000 2373.700000 2369.600000 2366.500000 2362.600000 2357.800000 2352.000000 2346.800000 2341.500000 2335.500000 2328.800000 2323.000000 2318.200000 2313.300000 2308.100000 2302.900000 2297.700000 2292.600000 2287.200000 2281.500000 2275.700000 2270.800000 2266.900000 2264.000000 2259.400000 2254.400000 2249.300000 2244.100000 2238.900000 2233.200000 2228.900000 2223.500000 2218.100000 2212.300000 2206.200000 2200.600000 2195.600000 2192.200000 2186.800000 2183.900000 2180.600000 2177.300000 2172.500000 2166.200000 2159.900000 2156.200000 2153.500000 2150.500000 2146.100000 2141.300000
2394.900000 2390.200000 2385.600000 2380.400000 2376.300000 2371.300000 2367.700000 2363.500000 2359.700000 2355.000000 2349.700000 2344.500000 2338.500000 2332.800000 2327.300000 2321.700000 2316.900000 2311.700000 2307.100000 2301.900000 2297.100000 2292.800000 2287.400000 2280.200000 2275.600000 2270.100000 2265.500000 2261.500000 2256.200000 2251.100000 2246.800000 2243.700000 2239.600000 2233.900000 2228.300000 2224.000000 2218.000000 2212.200000 2206.800000 2201.300000 2197.200000 2194.300000 2188.500000 2183.800000 2178.600000 2176.000000 2170.400000 2164.600000 2160.000000 2156.200000 2154.900000 2151.700000 2147.300000 2143.000000
2394.800000 2388.900000 2383.900000 2379.500000 2374.800000 2370.400000 2365.500000 2361.200000 2357.200000 2353.200000 2347.900000 2342.300000 2336.500000 2330.800000 2325.500000 2320.200000 2315.500000 2310.700000 2306.700000 2302.500000 2298.500000 2293.300000 2288.100000 2282.000000 2276.400000 2270.900000 2266.600000 2261.000000 2256.200000 2250.500000 2246.800000 2242.500000 2239.100000 2235.700000 2232.400000 2227.100000 2220.500000 2212.500000 2209.500000 2204.700000 2198.200000 2192.500000 2188.400000 2183.500000 2178.700000 2174.100000 2169.600000 2164.400000 2159.700000 2156.300000 2154.100000 2149.100000 2145.600000 2142.500000
2392.600000 2389.600000 2383.800000 2378.300000 2373.900000 2369.200000 2364.600000 2360.000000 2354.200000 2350.400000 2345.700000 2340.900000 2336.000000 2330.300000 2324.500000 2319.300000 2314.500000 2309.800000 2305.700000 2302.000000 2297.000000 2291.800000 2287.000000 2282.600000 2278.100000 2273.900000 2268.000000 2260.700000 2255.000000 2250.500000 2245.700000 2242.100000 2238.900000 2233.700000 2229.300000 2224.800000 2219.200000 2210.700000 2206.700000 2202.400000 2199.300000 2196.000000 2192.400000 2186.300000 2181.800000 2176.300000 2170.700000 2165.400000 2159.200000 2155.600000 2151.200000 2147.300000 2144.000000 2142.600000
2387.200000 2387.600000 2382.500000 2376.900000 2371.800000 2366.800000 2362.500000 2359.000000 2354.700000 2350.500000 2345.700000 2339.400000 2335.100000 2329.500000 2324.600000 2319.500000 2314.300000 2310.100000 2305.100000 2300.900000 2296.200000 2291.500000 2286.300000 2282.000000 2277.700000 2273.600000 2267.800000 2261.900000 2256.600000 2251.200000 2246.400000 2242.100000 2236.600000 2231.400000 2227.500000 2222.800000 2218.100000 2213.600000 2208.500000 2202.200000 2197.500000 2195.000000 2190.900000 2186.600000 2183.500000 2177.700000 2169.900000 2163.400000 2160.700000 2156.500000 2152.200000 2147.300000 2143.200000 2140.200000
2380.900000 2380.600000 2377.100000 2374.400000 2370.000000 2365.200000 2360.200000 2356.800000 2353.000000 2349.500000 2344.100000 2339.500000 2334.000000 2328.900000 2323.600000 2318.600000 2313.400000 2309.000000 2303.800000 2298.900000 2295.300000 2289.700000 2284.600000 2280.600000 2276.100000 2272.300000 2266.300000 2261.400000 2257.100000 2251.900000 2246.500000 2240.800000 2234.800000 2229.700000 2225.800000 2221.800000 2217.800000 2214.200000 2209.000000 2202.300000 2196.200000 2191.900000 2189.100000 2184.800000 2181.400000 2176.700000 2170.100000 2162.000000 2155.600000 2151.600000 2148.800000 2147.200000 2146.600000 2142.500000
2378.200000 2374.100000 2370.600000 2367.200000 2365.500000 2362.700000 2358.200000 2353.600000 2350.400000 2347.200000 2340.900000 2337.600000 2334.300000 2329.200000 2322.700000 2315.400000 2309.100000 2303.900000 2299.000000 2294.700000 2292.500000 2289.300000 2284.100000 2278.600000 2274.700000 2269.300000 2264.700000 2259.800000 2255.400000 2249.400000 2243.900000 2239.900000 2232.900000 2227.400000 2223.600000 2221.100000 2217.400000 2213.500000 2208.100000 2202.200000 2196.500000 2189.600000 2184.300000 2180.200000 2175.700000 2172.000000 2167.500000 2161.600000 2157.400000 2154.400000 2147.000000 2142.400000 2142.300000 2144.600000
2376.300000 2372.100000 2367.300000 2363.000000 2359.100000 2356.000000 2353.900000 2350.700000 2346.200000 2341.900000 2337.700000 2332.700000 2329.500000 2324.800000 2319.700000 2314.300000 2308.900000 2303.100000 2298.300000 2292.500000 2287.800000 2285.400000 2281.400000 2276.400000 2270.500000 2265.400000 2260.700000 2256.300000 2251.500000 2246.900000 2240.800000 2235.300000 2230.500000 2224.700000 2219.900000 2217.400000 2214.600000 2211.500000 2208.600000 2203.100000 2196.600000 2190.100000 2183.600000 2176.900000 2172.500000 2168.000000 2163.100000 2156.900000 2152.800000 2148.500000 2145.500000 2141.100000 2139.400000 2139.800000
2374.400000 2370.100000 2366.400000 2362.600000 2358.600000 2354.100000 2349.400000 2345.300000 2340.700000 2336.600000 2333.200000 2329.800000 2326.400000 2321.600000 2316.400000 2311.700000 2307.700000 2302.600000 2297.800000 2291.600000 2285.900000 2281.200000 2277.300000 2272.100000 2267.400000 2261.200000 2256.800000 2251.500000 2246.900000 2242.300000 2236.800000 2232.500000 2227.400000 2221.400000 2217.300000 2212.800000 2209.500000 2207.200000 2205.000000 2200.800000 2194.400000 2188.300000 2181.600000 2175.800000 2171.200000 2167.100000 2163.700000 2157.000000 2151.800000 2146.500000 2141.800000 2139.800000 2137.300000 2135.100000
2371.200000 2369.000000 2366.000000 2362.900000 2359.100000 2354.800000 2350.000000 2345.100000 2339.200000 2333.900000 2329.800000 2325.400000 2320.800000 2316.600000 2311.600000 2306.300000 2301.100000 2296.800000 2292.500000 2287.600000 2281.900000 2276.100000 2271.800000 2267.700000 2263.100000 2260.100000 2253.100000 2247.900000 2242.400000 2237.900000 2233.100000 2227.900000 2224.000000 2219.200000 2213.500000 2209.000000 2205.100000 2202.400000 2199.800000 2196.900000 2191.000000 2184.600000 2179.200000 2173.600000 2167.000000 2163.700000 2161.700000 2159.100000 2152.900000 2146.700000 2140.700000 2137.600000 2135.900000 2132.100000
2369.300000 2365.700000 2362.200000 2358.800000 2355.300000 2351.300000 2347.200000 2343.000000 2337.900000 2333.700000 2328.800000 2324.300000 2320.000000 2315.500000 2310.200000 2304.400000 2298.300000 2292.600000 2287.300000 2282.500000 2277.400000 2271.600000 2266.300000 2261.700000 2259.400000 2255.900000 2251.500000 2245.000000 2238.600000 2233.200000 2228.600000 2224.300000 2218.500000 2214.900000 2210.000000 2204.700000 2201.200000 2197.500000 2194.800000 2191.700000 2186.600000 2180.900000 2174.300000 2169.300000 2165.000000 2158.700000 2155.400000 2152.900000 2151.200000 2146.600000 2142.000000 2137.100000 2132.600000 2130.200000
2369.000000 2364.600000 2360.900000 2357.700000 2353.600000 2347.800000 2343.900000 2340.900000 2337.300000 2333.300000 2328.500000 2324.300000 2320.000000 2315.700000 2310.200000 2304.000000 2297.100000 2291.300000 2286.000000 2281.000000 2276.000000 2270.100000 2264.200000 2258.600000 2254.000000 2251.400000 2248.700000 2243.800000 2237.400000 2230.000000 2224.400000 2219.900000 2215.500000 2209.900000 2205.500000 2200.700000 2196.100000 2192.800000 2189.900000 2185.700000 2182.000000 2177.000000 2172.200000 2166.700000 2160.900000 2154.500000 2149.600000 2146.300000 2143.700000 2141.800000 2138.400000 2135.200000 2131.100000 2128.300000
2367.300000 2363.300000 2359.400000 2355.200000 2350.600000 2346.200000 2342.000000 2338.700000 2336.500000 2332.000000 2328.100000 2323.200000 2318.400000 2313.000000 2306.800000 2300.900000 2295.000000 2289.400000 2283.900000 2279.300000 2275.000000 2269.900000 2264.600000 2257.900000 2251.300000 2246.500000 2243.600000 2239.300000 2233.900000 2227.500000 2221.200000 2215.600000 2211.300000 2208.000000 2202.500000 2195.800000 2191.000000 2187.100000 2184.400000 2179.600000 2175.300000 2172.600000 2168.900000 2164.200000 2159.100000 2153.900000 2147.500000 2142.300000 2138.200000 2134.200000 2131.800000 2128.400000 2127.200000 2126.700000
2365.800000 2362.100000 2358.200000 2355.400000 2351.700000 2347.200000 2342.700000 2338.300000 2334.100000 2330.100000 2326.100000 2321.200000 2315.900000 2310.100000 2304.300000 2297.900000 2291.900000 2286.700000 2281.800000 2276.300000 2271.400000 2266.200000 2261.000000 2255.400000 2249.300000 2243.300000 2239.200000 2234.600000 2229.000000 2224.600000 2218.500000 2212.500000 2207.200000 2203.600000 2199.700000 2193.800000 2188.400000 2182.700000 2178.800000 2175.100000 2170.200000 2166.300000 2164.300000 2159.300000 2154.600000 2150.600000 2146.200000 2139.800000 2136.200000 2130.500000 2127.000000 2122.800000 2120.200000 2120.700000
2367.800000 2361.800000 2356.600000 2352.900000 2350.400000 2345.400000 2341.500000 2338.000000 2334.500000 2330.500000 2326.100000 2319.900000 2312.900000 2306.300000 2300.800000 2295.500000 2290.300000 2284.600000 2279.900000 2274.800000 2269.300000 2263.700000 2258.200000 2252.700000 2246.400000 2240.400000 2234.600000 2230.600000 2226.300000 2220.900000 2216.300000 2210.700000 2203.900000 2199.600000 2195.800000 2191.200000 2186.500000 2181.800000 2176.100000 2171.100000 2166.500000 2161.700000 2158.700000 2155.800000 2150.600000 2145.400000 2142.100000 2138.300000 2133.700000 2129.600000 2123.900000 2119.900000 2117.200000 2114.300000
2368.300000 2363.300000 2358.200000 2353.100000 2349.000000 2345.300000 2342.300000 2338.900000 2335.300000 2331.100000 2326.600000 2320.200000 2313.300000 2305.800000 2298.900000 2293.300000 2288.500000 2284.000000 2278.000000 2271.200000 2265.400000 2260.000000 2254.600000 2249.100000 2243.300000 2237.800000 2232.200000 2228.600000 2223.300000 2218.300000 2213.300000 2208.600000 2204.000000 2197.800000 2192.900000 2188.700000 2184.200000 2178.300000 2173.100000 2168.300000 2163.500000 2159.600000 2155.100000 2151.000000 2147.000000 2142.500000 2137.600000 2133.600000 2130.200000 2127.000000 2122.700000 2117.700000 2114.500000 2112.200000
2367.300000 2362.300000 2357.800000 2353.500000 2349.600000 2345.800000 2342.200000 2338.300000 2334.500000 2330.400000 2325.700000 2319.800000 2313.600000 2307.200000 2301.100000 2295.000000 2289.300000 2283.000000 2276.400000 2270.000000 2263.900000 2258.700000 2253.200000 2247.900000 2242.500000 2237.500000 2232.100000 2226.800000 2221.400000 2216.000000 2211.000000 2205.700000 2200.500000 2196.000000 2191.100000 2186.800000 2182.100000 2178.300000 2173.400000 2168.300000 2162.900000 2156.900000 2151.000000 2147.000000 2144.000000 2139.600000 2135.900000 2131.700000 2127.300000 2122.100000 2117.900000 2114.400000 2111.700000 2109.700000
2367.000000 2362.400000 2358.000000 2354.400000 2351.100000 2348.300000 2344.900000 2340.500000 2336.500000 2332.600000 2327.500000 2321.400000 2314.900000 2308.100000 2302.100000 2295.800000 2289.000000 2282.400000 2275.600000 2268.900000 2262.500000 2257.500000 2252.300000 2246.600000 2241.900000 2237.000000 2231.600000 2225.200000 2219.600000 2213.800000 2208.400000 2203.700000 2198.600000 2193.300000 2188.900000 2184.700000 2180.200000 2176.100000 2171.400000 2167.000000 2161.900000 2155.200000 2149.900000 2145.800000 2141.700000 2137.100000 2132.100000 2128.600000 2124.900000 2120.100000 2115.900000 2111.000000 2107.700000 2104.600000
2368.300000 2364.800000 2362.200000 2358.100000 2352.900000 2349.100000 2345.600000 2340.100000 2334.800000 2330.700000 2324.800000 2319.900000 2315.400000 2309.300000 2302.000000 2294.800000 2287.900000 2281.300000 2275.000000 2268.700000 2262.500000 2257.300000 2252.100000 2247.500000 2242.400000 2237.200000 2231.200000 2225.100000 2218.900000 2213.000000 2206.900000 2202.100000 2196.300000 2191.000000 2186.800000 2182.700000 2177.700000 2172.600000 2169.000000 2164.400000 2159.600000 2154.500000 2149.600000 2144.000000 2140.000000 2135.900000 2130.200000 2126.200000 2121.100000 2116.600000 2112.700000 2108.800000 2105.700000 2101.900000
2370.400000 2366.900000 2363.400000 2358.800000 2352.700000 2346.600000 2341.800000 2337.100000 2331.200000 2326.300000 2322.000000 2318.300000 2312.400000 2307.000000 2301.500000 2295.600000 2289.100000 2282.900000 2276.800000 2270.500000 2264.300000 2258.700000 2253.400000 2246.800000 2240.800000 2235.200000 2229.400000 2224.000000 2218.200000 2211.900000 2205.700000 2200.000000 2194.800000 2188.500000 2185.000000 2180.400000 2175.400000 2170.900000 2168.100000 2164.400000 2160.600000 2155.800000 2151.200000 2144.700000 2137.700000 2132.700000 2128.500000 2124.100000 2119.200000 2115.100000 2110.100000 2105.800000 2102.200000 2099.100000
2371.300000 2367.300000 2362.500000 2356.200000 2350.000000 2345.000000 2341.000000 2335.900000 2329.200000 2323.600000 2317.800000 2313.100000 2309.100000 2305.600000 2300.400000 2294.100000 2288.100000 2281.400000 2275.300000 2269.200000 2263.200000 2257.800000 2252.800000 2247.800000 2243.500000 2237.100000 2230.900000 2224.100000 2217.800000 2211.300000 2204.500000 2198.500000 2192.900000 2187.300000 2182.600000 2178.200000 2172.900000 2169.300000 2165.800000 2163.400000 2159.800000 2155.000000 2151.200000 2145.500000 2138.500000 2131.700000 2127.400000 2122.500000 2117.700000 2113.400000 2108.000000 2104.100000 2099.300000 2096.100000
2367.800000 2363.000000 2357.700000 2352.800000 2348.200000 2344.300000 2340.000000 2334.200000 2329.600000 2323.600000 2317.600000 2311.800000 2305.900000 2300.900000 2296.600000 2291.900000 2286.400000 2280.900000 2275.400000 2270.000000 2264.200000 2258.000000 2252.000000 2245.900000 2241.200000 2236.500000 2229.500000 2222.700000 2216.100000 2209.600000 2203.500000 2197.300000 2191.700000 2185.400000 2180.200000 2175.500000 2170.600000 2166.400000 2162.000000 2157.800000 2155.000000 2152.500000 2148.600000 2144.400000 2140.700000 2133.900000 2126.900000 2120.900000 2116.500000 2112.700000 2107.300000 2103.400000 2098.800000 2094.000000
2367.400000 2362.400000 2357.000000 2352.000000 2347.500000 2343.200000 2337.800000 2332.500000 2327.200000 2322.400000 2316.600000 2311.100000 2305.800000 2300.300000 2294.600000 2288.300000 2282.000000 2276.100000 2270.800000 2265.500000 2259.900000 2254.600000 2249.300000 2244.200000 2238.000000 2233.000000 2226.900000 2221.500000 2215.500000 2208.900000 2202.000000 2195.800000 2189.300000 2183.300000 2178.100000 2173.000000 2168.800000 2164.900000 2159.100000 2153.500000 2149.000000 2146.400000 2143.900000 2142.400000 2138.100000 2134.100000 2128.600000 2122.800000 2116.500000 2111.500000 2107.200000 2102.500000 2097.300000 2092.900000
