data/2006/output_2006_000000016000_SolidifiedLavaThickness.asc
ncols		517
nrows		378
xllcorner	499547.500000
yllcorner	4174982.500000
cellsize	10.000000
NODATA_value	0.000000
[rows 140 to 167 of 378, columns 189 to 251 of 517]
1.541103 1.494244 0.938780 0.962543 1.011743 1.152406 1.331765 1.203866 1.157528 0.999170 1.319596 1.540007 2.074750 2.992842 2.945670 2.614370 3.535020 3.354103 1.190762 0.000000 0.000000 0.000000 0.000000 0.000000 0.000000 0.000000 0.000000 0.000000 0.000000 0.000000 0.000000 0.000000 0.000000 0.000000 0.000000 0.000000 0.000000 0.000000 0.000000 0.000000 0.000000 0.000000 0.000000 0.000000 0.000000 0.000000 0.000000 0.000000 0.000000 0.000000 0.000000 0.000000 0.000000 0.000000 0.000000 0.000000 0.000000 0.000000 0.000000 0.000000 0.000000 0.000000 0.000000
3.411419 2.288416 2.169665 5.052749 4.919508 4.176367 3.815040 4.094540 3.929026 3.372102 2.176189 2.508798 3.189279 4.164407 2.217727 3.055438 3.235006 2.919880 3.650782 3.608969 1.275936 0.018958 0.000000 0.000000 0.000000 0.000000 0.000000 0.000000 0.000000 0.000000 0.000000 0.000000 0.000000 0.000000 0.000000 0.000000 0.000000 0.000000 0.000000 0.000000 0.000000 0.000000 0.000000 0.000000 0.000000 0.000000 0.000000 0.000000 0.000000 0.000000 0.000000 0.000000 0.000000 0.000000 0.000000 0.000000 0.000000 0.000000 0.000000 0.000000 0.000000 0.000000 0.000000
4.378614 3.707378 3.572502 4.973245 0.000000 0.000000 0.000000 3.612167 3.524940 3.994894 3.809829 2.960288 2.930252 3.775683 3.766244 1.447245 2.621280 3.080153 4.151346 2.654272 4.577801 3.777209 1.083615 1.825055 0.000000 0.000000 0.000000 0.000000 0.000000 0.000000 0.000000 0.000000 0.000000 0.000000 0.000000 0.000000 0.000000 0.000000 0.000000 0.000000 0.000000 0.000000 0.000000 0.000000 0.000000 0.000000 0.000000 0.000000 0.000000 0.000000 0.000000 0.000000 0.000000 0.000000 0.000000 0.000000 0.000000 0.000000 0.000000 0.000000 0.000000 0.000000 0.000000
2.955396 2.377434 4.846598 2.263016 1.434137 0.864959 0.017638 0.000000 0.000000 4.582448 4.980073 3.394107 3.234889 3.338282 1.692500 3.379966 4.606819 3.170311 4.351951 2.712128 4.468946 3.593557 4.182088 4.531391 2.002051 2.432617 0.000000 0.000000 0.000000 0.000000 0.000000 0.000000 0.000000 0.000000 0.000000 0.000000 0.000000 0.000000 0.000000 0.000000 0.000000 0.000000 0.000000 0.000000 0.000000 0.000000 0.000000 0.000000 0.000000 0.000000 0.000000 0.000000 0.000000 0.000000 0.000000 0.000000 0.000000 0.000000 0.000000 0.000000 0.000000 0.000000 0.000000
3.632197 5.469046 0.938053 2.602047 2.998450 3.116943 3.346222 1.022136 0.725838 0.000000 0.000000 3.158584 5.198601 5.948087 3.288987 2.529832 2.572783 4.093600 3.799974 2.819021 4.565959 3.614819 3.490712 4.112044 2.469797 5.157179 1.521904 1.087948 0.000000 0.000000 0.000000 0.000000 0.000000 0.000000 0.000000 0.000000 0.000000 0.000000 0.000000 0.000000 0.000000 0.000000 0.000000 0.000000 0.000000 0.000000 0.000000 0.000000 0.000000 0.000000 0.000000 0.000000 0.000000 0.000000 0.000000 0.000000 0.000000 0.000000 0.000000 0.000000 0.000000 0.000000 0.000000
3.282903 4.780027 1.054298 1.092606 2.627385 3.060933 3.475079 1.245740 4.821089 3.095580 0.938637 0.000000 0.000000 0.000000 0.264165 4.138635 5.421085 0.541154 1.903637 2.761127 4.558551 5.254317 2.146968 2.093647 2.216197 1.544972 1.060778 4.148664 1.040480 0.000000 0.000000 0.000000 0.000000 0.000000 0.000000 0.000000 0.000000 0.000000 0.000000 0.000000 0.000000 0.000000 0.000000 0.000000 0.000000 0.000000 0.000000 0.000000 0.000000 0.000000 0.000000 0.000000 0.000000 0.000000 0.000000 0.000000 0.000000 0.000000 0.000000 0.000000 0.000000 0.000000 0.000000
3.337813 6.426018 1.359531 1.115469 1.142379 2.799083 2.979150 1.750483 1.982877 1.501145 4.970019 3.235301 0.106998 0.000000 0.000000 0.000000 0.000000 0.873025 4.941070 0.838201 3.704820 4.758706 2.177690 3.547445 4.003492 1.070896 0.481677 2.459977 0.924772 3.564960 0.214607 0.000000 0.000000 0.000000 0.000000 0.000000 0.000000 0.000000 0.000000 0.000000 0.000000 0.000000 0.000000 0.000000 0.000000 0.000000 0.000000 0.000000 0.000000 0.000000 0.000000 0.000000 0.000000 0.000000 0.000000 0.000000 0.000000 0.000000 0.000000 0.000000 0.000000 0.000000 0.000000
2.974766 3.796347 5.238284 1.292087 0.978935 1.023782 0.850036 2.728380 1.252996 3.590956 2.179998 2.542217 3.843017 0.722193 0.000000 0.000000 0.000000 0.000000 0.000000 2.560540 0.814120 0.842728 0.660443 0.757548 0.805382 0.972151 1.002996 0.900851 2.187186 2.102086 4.819205 0.823896 0.000000 0.000000 0.000000 0.000000 0.000000 0.000000 0.000000 0.000000 0.000000 0.000000 0.000000 0.000000 0.000000 0.000000 0.000000 0.000000 0.000000 0.000000 0.000000 0.000000 0.000000 0.000000 0.000000 0.000000 0.000000 0.000000 0.000000 0.000000 0.000000 0.000000 0.000000
3.068413 3.896960 2.813550 3.355483 1.309752 1.161585 1.109857 1.006960 0.751184 2.219095 3.459967 2.504998 2.051567 3.987260 4.280923 0.873842 0.000000 0.000000 0.000000 0.000000 2.914592 0.841737 1.023361 0.571302 0.876087 0.854918 0.983252 0.958041 0.901130 0.531062 2.743791 4.736158 0.648795 0.202310 0.000000 0.000000 0.000000 0.000000 0.000000 0.000000 0.000000 0.000000 0.000000 0.000000 0.000000 0.000000 0.000000 0.000000 0.000000 0.000000 0.000000 0.000000 0.000000 0.000000 0.000000 0.000000 0.000000 0.000000 0.000000 0.000000 0.000000 0.000000 0.000000
4.214544 3.289970 2.422566 2.248294 3.023035 1.443961 1.911653 1.402431 1.311973 1.067838 2.628188 1.751942 2.359211 2.198783 2.375301 1.374868 2.537568 2.964795 0.000000 0.000000 0.000000 3.948356 1.004332 0.729253 0.511280 0.873859 0.943815 0.959603 0.870741 0.772376 0.862346 2.161488 1.312988 4.517724 1.217129 0.000000 0.000000 0.000000 0.000000 0.000000 0.000000 0.000000 0.000000 0.000000 0.000000 0.000000 0.000000 0.000000 0.000000 0.000000 0.000000 0.000000 0.000000 0.000000 0.000000 0.000000 0.000000 0.000000 0.000000 0.000000 0.000000 0.000000 0.000000
3.264762 0.844173 4.167801 4.866645 4.161454 1.312460 1.525385 1.739009 1.768072 1.435753 1.212465 2.577521 1.342971 1.519463 2.504326 1.879426 3.663842 5.961998 2.170920 2.672250 0.000000 0.000000 4.201379 1.691877 2.926315 2.260394 0.622231 0.976197 1.087943 0.920225 0.801775 0.820724 2.065332 2.355116 2.336050 4.477725 0.676125 0.000000 0.000000 0.000000 0.000000 0.000000 0.000000 0.000000 0.000000 0.000000 0.000000 0.000000 0.000000 0.000000 0.000000 0.000000 0.000000 0.000000 0.000000 0.000000 0.000000 0.000000 0.000000 0.000000 0.000000 0.000000 0.000000
3.508072 2.887406 0.922462 1.144416 1.434764 1.538734 1.460655 2.396743 1.711889 1.873963 1.587752 1.417118 2.985084 1.434291 3.486235 3.814863 2.308249 1.596031 4.625680 5.304626 2.369294 2.730709 0.929011 4.811013 1.126537 1.249616 1.210672 2.621132 0.732685 1.024335 0.964946 0.886135 0.840927 2.009926 2.447483 2.913527 6.093407 0.035889 0.000000 0.000000 0.000000 0.000000 0.000000 0.000000 0.000000 0.000000 0.000000 0.000000 0.000000 0.000000 0.000000 0.000000 0.000000 0.000000 0.000000 0.000000 0.000000 0.000000 0.000000 0.000000 0.000000 0.000000 0.000000
1.629280 2.279235 2.818650 2.440904 1.454218 2.315534 2.093872 1.590775 1.716226 2.188820 2.176447 1.717052 1.552699 1.463569 1.532642 1.605318 4.058751 2.139830 4.204854 3.454751 4.085090 5.590977 4.930348 2.699626 6.006465 2.671273 1.811675 1.615500 1.043506 0.649961 0.905355 0.953799 0.954450 0.934510 2.369560 2.600023 0.774530 1.996231 3.514712 0.000000 0.000000 0.000000 0.000000 0.000000 0.000000 0.000000 0.000000 0.000000 0.000000 0.000000 0.000000 0.000000 0.000000 0.000000 0.000000 0.000000 0.000000 0.000000 0.000000 0.000000 0.000000 0.000000 0.000000
1.357020 1.613761 3.285462 1.264761 3.864617 1.870318 2.776599 2.073270 2.031426 0.758144 3.217493 2.591356 1.848828 1.698998 1.416847 0.881767 1.729284 3.760684 2.014671 1.838297 4.515569 2.750144 5.347484 1.813975 7.200038 5.152927 8.000158 1.415385 2.074818 1.871425 0.649572 0.947259 0.996080 0.994872 1.012266 2.453350 0.678179 2.637161 1.225566 5.480338 0.545788 0.000000 0.000000 0.000000 0.000000 0.000000 0.000000 0.000000 0.000000 0.000000 0.000000 0.000000 0.000000 0.000000 0.000000 0.000000 0.000000 0.000000 0.000000 0.000000 0.000000 0.000000 0.000000
1.458993 1.485654 1.598131 1.826071 1.712535 2.759122 2.251250 3.428280 2.054856 1.860832 1.530224 2.340115 2.610952 2.180384 1.761260 1.651870 3.494709 3.074724 1.667833 1.904548 1.964433 4.666053 2.833485 4.676961 1.848181 2.408236 7.152677 6.162226 2.249850 2.792355 2.524668 1.871001 0.850407 0.995583 0.998744 1.044898 2.350223 0.998138 0.800813 0.791658 1.649781 4.498207 0.346492 0.000000 0.000000 0.000000 0.000000 0.000000 0.000000 0.000000 0.000000 0.000000 0.000000 0.000000 0.000000 0.000000 0.000000 0.000000 0.000000 0.000000 0.000000 0.000000 0.000000
2.138606 1.574241 1.412370 1.546884 1.641664 1.769045 2.183231 2.278043 3.482307 3.144679 2.945814 0.866527 2.939758 2.012406 2.018697 1.845046 1.727319 1.859100 1.541784 4.003648 3.167238 1.973737 4.541268 2.234985 4.822357 1.627494 2.346694 2.182816 8.294981 7.387449 2.506550 1.807415 0.846697 1.168321 1.205817 1.155856 1.294378 2.249704 1.184398 1.379761 1.490153 1.070001 5.307257 2.194260 0.520428 0.000000 0.000000 0.000000 0.000000 0.000000 0.000000 0.000000 0.000000 0.000000 0.000000 0.000000 0.000000 0.000000 0.000000 0.000000 0.000000 0.000000 0.000000
2.279934 3.022607 2.578199 1.514860 1.301490 1.661848 1.843178 1.998133 1.898021 2.549065 2.821547 1.992629 0.966305 2.601746 1.584247 1.884115 1.924670 1.935498 2.335253 2.300406 3.283384 3.811698 2.535625 4.516722 2.049540 4.280718 1.510285 2.266851 3.602491 3.125649 7.840222 2.798552 4.116716 1.129127 1.322054 1.733433 1.461896 1.064785 2.753079 1.812024 1.834591 2.029565 2.140021 1.378914 4.845088 1.055246 0.164455 0.000000 0.000000 0.000000 0.000000 0.000000 0.000000 0.000000 0.000000 0.000000 0.000000 0.000000 0.000000 0.000000 0.000000 0.000000 0.000000
1.584311 1.894447 2.455291 2.638467 2.274316 1.475355 1.727620 1.771848 1.711470 2.805323 2.131326 3.354755 2.627897 1.008492 3.092718 1.523158 1.604797 1.735859 2.179978 2.632378 1.902336 1.003160 2.862591 4.017429 2.143176 2.382336 3.900080 1.692580 1.893698 2.643053 4.098617 8.352570 7.753163 8.325676 1.765311 1.152243 1.803503 1.270965 0.964998 2.557679 1.662570 2.031807 2.449188 1.988047 2.328940 1.017410 2.923799 1.929298 0.000000 0.000000 0.000000 0.000000 0.000000 0.000000 0.000000 0.000000 0.000000 0.000000 0.000000 0.000000 0.000000 0.000000 0.000000
3.324988 1.131214 1.394754 1.652957 1.824074 1.826945 1.612572 1.852522 1.673570 1.719511 4.382630 3.769957 1.648002 2.938116 1.175797 3.653914 1.746858 1.788893 2.061976 1.853942 2.022441 1.842896 1.430690 0.961770 2.559715 3.283508 4.713744 4.653818 1.553452 1.998221 2.490192 2.838259 3.297715 8.547507 6.895209 3.547489 1.003008 1.222479 1.289116 1.095423 3.090682 1.382941 1.906556 1.824511 1.347703 2.377868 3.096535 5.176856 2.445283 0.000000 0.000000 0.000000 0.000000 0.000000 0.000000 0.000000 0.000000 0.000000 0.000000 0.000000 0.000000 0.000000 0.000000
3.153004 4.096884 2.642212 1.122249 1.376456 1.929302 1.969995 1.687657 2.209988 2.166675 1.884805 4.191750 3.021601 3.147576 1.749452 2.691247 2.818042 2.338993 2.195719 1.884409 1.916311 1.873168 1.912886 1.872118 1.375148 3.649898 1.650549 3.003836 4.579450 4.464291 1.678999 1.805031 2.157351 4.540498 8.927521 7.581648 2.832958 0.988200 1.066360 1.002512 0.968745 3.026225 2.257615 1.560700 1.902992 2.726598 3.085061 2.378143 6.585184 3.339617 1.576387 0.000000 0.000000 0.000000 0.000000 0.000000 0.000000 0.000000 0.000000 0.000000 0.000000 0.000000 0.000000
0.967678 0.845279 3.638673 1.654952 1.610519 1.732706 2.066507 2.236796 1.805718 1.959688 3.168020 4.451631 2.185952 4.959669 4.817462 1.844650 3.878125 2.737659 2.749250 2.367117 1.801175 2.016592 1.822874 1.775460 2.266237 1.774766 1.712877 2.456092 1.300041 3.302665 4.139471 2.115098 2.735882 3.066544 5.528004 7.508150 8.048225 3.290836 1.381917 0.912666 1.031789 1.541063 3.381598 1.973885 1.478615 1.509488 2.237844 1.668661 1.974095 3.699487 6.109199 3.463874 0.000000 0.000000 0.000000 0.000000 0.000000 0.000000 0.000000 0.000000 0.000000 0.000000 0.000000
1.030616 1.368515 1.261225 3.201231 1.652234 2.053782 2.127414 2.793915 2.344380 2.969284 3.758943 2.687187 3.814028 4.364045 1.602824 4.091072 3.621395 1.407961 2.441776 2.204977 2.248428 2.442885 1.950137 2.147831 2.551692 1.685892 2.386470 1.950600 1.153599 2.966707 3.704583 4.523429 3.258338 1.822479 2.697170 5.493954 4.935517 7.982489 3.719064 1.623046 3.253661 0.960691 2.290296 2.309057 1.428194 1.467610 2.607613 2.454513 1.968034 2.732431 3.855148 6.853829 3.695091 2.660294 0.000000 0.000000 0.000000 0.000000 0.000000 0.000000 0.000000 0.000000 0.000000
1.178108 1.235119 1.435958 1.516900 1.832838 4.442751 3.155819 4.128174 2.812963 2.158041 2.048393 2.080705 1.966844 2.725480 3.981593 2.033457 3.168821 3.279414 3.802518 1.587119 1.912569 2.267290 2.316868 3.005875 2.190471 2.944670 2.374180 1.681968 1.538603 1.640535 3.684341 1.467360 4.279593 5.142023 1.854025 2.181088 5.079018 6.820501 8.702733 3.879109 1.099461 2.663469 1.399186 2.364216 2.302522 1.108730 1.560333 2.889182 2.050214 2.058754 2.864487 3.990700 3.777808 5.980583 3.411372 0.000000 0.000000 0.000000 0.000000 0.000000 0.000000 0.000000 0.000000
1.024616 6.970793 6.088541 5.629959 0.737185 1.331346 1.280110 3.607918 2.369633 1.989896 1.647789 1.974812 2.026344 2.105509 3.012468 3.654200 2.374258 4.553571 4.812856 5.387617 4.064813 1.520830 2.270201 2.150984 2.047765 2.948492 2.395888 2.442769 2.391360 1.640921 2.304394 2.049297 4.226049 3.832906 4.352109 4.455283 3.553223 4.478005 6.309787 7.798494 4.055078 4.025130 2.873759 3.356374 2.397356 2.078028 5.842224 3.647572 1.560694 2.971435 2.799271 2.151527 4.010841 2.296513 6.592054 3.166901 0.000000 0.000000 0.000000 0.000000 0.000000 0.000000 0.000000
5.048067 1.396848 7.032111 3.476671 1.427158 4.920254 0.674560 1.202132 2.478397 1.713588 1.963088 2.218138 2.464646 2.372081 2.272613 2.403811 3.133479 1.534804 4.311596 2.145793 5.149865 4.163156 1.667292 2.266849 2.273346 2.483538 2.417921 2.251150 2.824221 2.507267 1.543442 3.327253 3.027816 2.032963 1.241384 3.702819 4.538567 3.110081 5.480639 5.556450 7.341671 2.604431 2.875865 1.598457 2.726487 1.651661 6.183950 1.039234 4.450000 2.055856 2.941744 2.714474 1.609566 3.203722 2.752272 6.272242 3.074648 0.000000 0.000000 0.000000 0.000000 0.000000 0.000000
0.000000 4.028028 1.635892 6.082970 0.000000 0.000000 2.203479 5.633228 0.847902 1.544979 4.704645 2.005485 1.794601 2.710106 2.508356 2.711532 3.408297 3.684865 1.632023 4.105343 4.782238 3.088710 5.372738 1.492212 1.962163 2.147910 2.661517 2.702779 2.583482 2.257714 3.332523 2.656296 2.069083 2.080454 1.859509 1.591116 2.605966 3.968304 2.935821 4.668079 4.539619 6.373027 2.491792 2.812367 4.172724 2.721038 1.972028 5.068323 1.325334 2.804345 6.288147 2.353434 1.931310 1.491706 2.961786 2.892683 6.024213 3.252096 3.213003 0.000000 0.000000 0.000000 0.000000
0.000000 0.000000 4.762606 2.089566 1.607956 0.000000 0.000000 0.000000 3.181816 0.589802 0.968260 2.179263 4.340362 5.147431 2.371612 3.267206 2.740978 3.449604 3.009729 1.593698 4.844425 5.497939 3.842940 5.874402 1.668434 1.852835 2.112992 2.479780 2.720880 2.871483 2.404792 3.009833 1.872917 2.101705 1.924696 3.141230 2.999612 2.738307 2.150893 2.720164 4.184421 4.501289 6.241380 2.827857 2.583167 2.783606 2.224422 1.464726 6.709231 2.826524 2.392395 6.108607 2.361405 1.868210 1.207881 2.078440 2.851139 3.954192 5.978979 3.427905 0.000000 0.000000 0.000000
0.000000 0.000000 0.000000 1.203342 4.211360 0.000000 0.000000 0.000000 0.000000 2.097683 5.461078 0.627495 1.233049 1.348866 2.029882 4.991453 2.178356 2.235569 2.901172 3.831275 1.690461 4.914900 5.363021 5.230886 1.556051 5.030928 4.666057 1.424494 2.295895 2.984053 2.812152 2.793877 2.001587 3.288593 2.441512 2.100936 2.490758 4.185988 3.581407 3.955608 3.826348 4.615123 4.701806 5.511011 7.483172 3.429444 2.143255 2.191222 2.203836 4.432601 5.859252 4.063245 4.552114 3.030517 3.556453 1.107498 1.532711 2.017314 1.918482 5.266884 2.542304 1.941485 0.000000
