data/2006/output_2006_000000016000_Morphology.asc
ncols		517
nrows		378
xllcorner	499547.500000
yllcorner	4174982.500000
cellsize	10.000000
NODATA_value	0.000000
[rows 72 to 95 of 378, columns 432 to 485 of 517]
1941.500000 1937.700000 1934.700000 1931.600000 1929.700000 1931.600000 1929.200000 1929.800000 1929.300000 1927.300000 1928.900000 1927.200000 1925.000000 1922.000000 1920.500000 1920.300000 1919.700000 1917.200000 1916.700000 1916.800000 1916.200000 1914.400000 1914.100000 1911.500000 1909.000000 1908.600000 1908.000000 1907.500000 1903.300000 1901.700000 1899.600000 1897.900000 1899.500000 1900.100000 1898.100000 1898.100000 1900.100000 1901.500000 1907.800000 1915.900000 1924.100000 1934.200000 1935.900000 1938.400000 1943.200000 1947.600000 1951.200000 1953.400000 1955.200000 1959.100000 1962.200000 1968.700000 1971.500000 1966.400000
1939.800000 1937.000000 1933.000000 1930.300000 1928.800000 1927.800000 1928.200000 1927.300000 1927.800000 1928.500000 1927.400000 1924.900000 1924.400000 1921.300000 1920.300000 1919.700000 1919.000000 1917.400000 1914.900000 1916.200000 1915.900000 1914.500000 1912.700000 1911.600000 1908.000000 1905.500000 1904.600000 1903.100000 1899.400000 1901.400000 1900.600000 1897.200000 1897.400000 1897.700000 1896.900000 1897.200000 1900.600000 1903.000000 1910.000000 1917.700000 1923.900000 1929.600000 1930.000000 1932.900000 1937.400000 1941.800000 1945.100000 1947.000000 1948.600000 1952.500000 1956.100000 1960.900000 1963.700000 1958.200000
1937.100000 1936.800000 1932.200000 1930.000000 1927.800000 1926.900000 1925.700000 1926.300000 1926.200000 1926.700000 1925.500000 1923.800000 1922.100000 1921.600000 1920.100000 1916.900000 1918.100000 1917.900000 1915.300000 1915.400000 1915.000000 1913.000000 1912.200000 1911.100000 1908.600000 1903.200000 1900.100000 1898.300000 1897.700000 1899.500000 1900.000000 1896.600000 1896.100000 1895.900000 1895.200000 1897.300000 1898.400000 1903.500000 1910.100000 1919.800000 1923.100000 1923.200000 1923.500000 1927.100000 1931.500000 1935.400000 1937.700000 1938.300000 1942.600000 1946.600000 1948.700000 1950.800000 1951.400000 1950.500000
1935.400000 1934.900000 1931.800000 1929.600000 1927.900000 1927.000000 1925.500000 1924.900000 1924.400000 1924.900000 1923.600000 1923.300000 1919.600000 1918.300000 1917.800000 1916.100000 1917.700000 1918.100000 1915.800000 1912.600000 1914.000000 1912.300000 1910.000000 1910.200000 1907.400000 1903.200000 1900.700000 1899.000000 1896.300000 1896.100000 1897.300000 1895.100000 1895.300000 1893.000000 1892.500000 1892.400000 1893.600000 1898.900000 1905.700000 1913.800000 1919.500000 1915.500000 1917.500000 1921.300000 1925.400000 1928.500000 1929.800000 1932.100000 1937.500000 1940.400000 1942.400000 1944.200000 1944.000000 1944.100000
1932.400000 1931.300000 1929.600000 1928.600000 1927.600000 1926.800000 1925.300000 1924.600000 1923.900000 1923.000000 1922.000000 1921.900000 1918.100000 1917.200000 1916.000000 1915.000000 1916.500000 1917.300000 1914.500000 1911.600000 1913.100000 1912.700000 1908.800000 1907.700000 1906.400000 1903.300000 1900.000000 1897.300000 1897.000000 1893.600000 1894.400000 1894.000000 1893.000000 1891.800000 1890.000000 1889.800000 1891.000000 1894.900000 1901.500000 1910.200000 1910.100000 1908.400000 1911.400000 1915.800000 1919.300000 1921.400000 1922.300000 1925.300000 1929.000000 1931.500000 1936.700000 1937.000000 1936.200000 1937.300000
1932.200000 1930.400000 1928.700000 1927.300000 1925.600000 1925.400000 1924.600000 1923.700000 1923.400000 1923.300000 1922.600000 1920.900000 1917.600000 1915.900000 1914.300000 1913.400000 1914.800000 1914.800000 1913.200000 1912.000000 1912.300000 1912.100000 1908.300000 1905.600000 1904.600000 1904.000000 1899.200000 1896.800000 1896.600000 1892.900000 1892.200000 1893.000000 1891.600000 1890.100000 1888.900000 1887.900000 1889.500000 1891.200000 1898.900000 1902.800000 1902.600000 1901.600000 1907.000000 1910.100000 1913.200000 1914.200000 1915.000000 1918.200000 1922.900000 1925.000000 1927.600000 1929.000000 1928.400000 1928.500000
1931.800000 1929.800000 1928.100000 1925.500000 1924.800000 1923.200000 1923.700000 1923.000000 1922.900000 1922.600000 1922.100000 1920.400000 1916.900000 1915.200000 1914.300000 1913.500000 1914.000000 1913.900000 1914.400000 1912.400000 1911.700000 1911.100000 1908.500000 1904.800000 1902.300000 1901.100000 1898.200000 1896.000000 1895.300000 1894.000000 1890.000000 1890.300000 1889.100000 1887.300000 1886.400000 1885.700000 1887.900000 1889.300000 1895.700000 1894.800000 1893.600000 1895.300000 1899.800000 1904.400000 1906.700000 1906.600000 1908.600000 1913.200000 1915.300000 1920.200000 1920.400000 1921.400000 1921.100000 1921.100000
1931.000000 1929.700000 1927.100000 1925.300000 1923.500000 1922.600000 1922.800000 1922.600000 1921.800000 1921.800000 1920.900000 1919.300000 1917.000000 1915.400000 1913.800000 1913.100000 1912.300000 1912.500000 1912.400000 1911.500000 1909.700000 1910.200000 1908.800000 1904.900000 1900.900000 1900.300000 1896.000000 1892.900000 1891.600000 1893.000000 1890.900000 1888.700000 1887.600000 1886.700000 1884.300000 1884.000000 1885.100000 1887.800000 1889.600000 1887.400000 1887.100000 1889.000000 1893.300000 1898.900000 1898.600000 1899.500000 1903.400000 1908.900000 1907.800000 1908.700000 1910.100000 1914.000000 1913.500000 1914.300000
1929.400000 1929.800000 1926.600000 1924.900000 1923.400000 1921.500000 1921.300000 1921.400000 1921.100000 1921.000000 1919.800000 1918.400000 1917.100000 1916.100000 1914.400000 1912.100000 1911.300000 1910.700000 1910.600000 1909.700000 1909.100000 1908.600000 1906.100000 1904.000000 1900.800000 1898.300000 1894.100000 1891.600000 1890.000000 1890.300000 1890.500000 1887.500000 1886.000000 1884.900000 1883.800000 1882.100000 1882.100000 1882.600000 1880.900000 1881.900000 1881.000000 1883.500000 1888.600000 1892.000000 1890.900000 1893.700000 1898.900000 1903.500000 1899.900000 1901.100000 1904.400000 1906.600000 1906.200000 1907.900000
1929.200000 1928.300000 1927.800000 1923.500000 1922.300000 1921.700000 1921.800000 1921.600000 1920.800000 1919.300000 1917.900000 1917.500000 1917.400000 1915.700000 1913.100000 1912.300000 1909.700000 1909.200000 1909.300000 1909.100000 1908.400000 1907.200000 1904.500000 1903.300000 1902.100000 1898.200000 1894.100000 1890.700000 1891.000000 1889.500000 1887.900000 1887.800000 1886.500000 1884.100000 1882.200000 1883.300000 1880.300000 1879.600000 1876.700000 1874.800000 1875.400000 1878.300000 1883.900000 1885.000000 1885.100000 1887.600000 1891.900000 1894.100000 1892.900000 1894.100000 1896.600000 1898.000000 1899.100000 1901.400000
1928.900000 1927.700000 1926.000000 1924.200000 1922.900000 1921.100000 1922.800000 1921.400000 1919.700000 1918.100000 1916.800000 1916.300000 1915.900000 1914.100000 1913.400000 1910.400000 1909.000000 1908.000000 1907.800000 1908.600000 1907.500000 1907.000000 1905.700000 1901.700000 1901.000000 1898.400000 1895.200000 1893.700000 1891.000000 1890.200000 1888.200000 1887.800000 1886.300000 1885.000000 1881.000000 1882.700000 1879.700000 1877.400000 1874.900000 1872.600000 1871.200000 1872.600000 1878.200000 1880.000000 1879.400000 1881.500000 1885.600000 1885.800000 1886.200000 1887.300000 1888.800000 1891.200000 1892.200000 1892.000000
1929.300000 1926.900000 1926.000000 1923.900000 1922.100000 1921.800000 1922.600000 1922.900000 1919.200000 1917.200000 1916.100000 1915.600000 1914.800000 1912.900000 1911.700000 1909.800000 1908.600000 1908.600000 1907.500000 1907.300000 1907.100000 1905.700000 1903.300000 1901.300000 1900.300000 1898.500000 1894.900000 1892.900000 1892.100000 1890.100000 1888.700000 1887.600000 1885.600000 1884.500000 1883.100000 1880.500000 1878.500000 1875.200000 1873.300000 1871.100000 1869.800000 1870.700000 1871.300000 1871.600000 1873.200000 1875.900000 1879.600000 1878.700000 1879.800000 1880.700000 1881.900000 1884.700000 1885.500000 1884.900000
1928.400000 1926.100000 1924.500000 1923.900000 1923.700000 1923.300000 1924.500000 1923.300000 1920.400000 1918.000000 1916.400000 1915.500000 1915.100000 1913.500000 1911.300000 1909.300000 1908.600000 1909.700000 1910.400000 1908.300000 1907.200000 1905.000000 1902.500000 1899.800000 1898.100000 1896.800000 1894.600000 1892.100000 1891.700000 1890.400000 1888.000000 1886.500000 1885.500000 1883.500000 1882.200000 1879.700000 1878.500000 1876.100000 1872.300000 1870.300000 1869.100000 1868.300000 1868.900000 1866.900000 1867.700000 1871.000000 1874.000000 1872.300000 1873.200000 1874.100000 1875.500000 1878.600000 1879.200000 1878.100000
1928.200000 1926.300000 1925.200000 1925.500000 1924.400000 1925.200000 1925.000000 1921.800000 1920.700000 1919.200000 1917.600000 1916.300000 1915.300000 1914.400000 1912.000000 1910.200000 1909.800000 1910.200000 1908.700000 1909.200000 1906.600000 1904.800000 1902.800000 1900.800000 1898.800000 1897.400000 1893.700000 1891.100000 1888.400000 1889.300000 1887.900000 1885.900000 1884.600000 1883.000000 1880.500000 1878.600000 1877.400000 1875.800000 1873.700000 1872.200000 1869.900000 1868.200000 1866.800000 1867.200000 1865.200000 1866.400000 1868.000000 1866.400000 1867.100000 1867.800000 1869.600000 1872.500000 1873.200000 1871.100000
1929.100000 1928.000000 1925.300000 1926.600000 1926.600000 1925.600000 1924.500000 1923.500000 1921.500000 1919.900000 1918.400000 1918.100000 1916.100000 1915.300000 1911.700000 1910.800000 1910.800000 1908.500000 1907.600000 1907.100000 1907.300000 1905.400000 1903.600000 1901.100000 1901.500000 1897.000000 1894.800000 1891.700000 1888.700000 1887.900000 1887.700000 1885.900000 1883.900000 1882.800000 1879.000000 1877.000000 1876.300000 1875.500000 1874.300000 1872.300000 1870.800000 1869.100000 1866.400000 1864.200000 1863.300000 1863.600000 1861.800000 1861.100000 1861.500000 1862.000000 1864.200000 1867.000000 1867.700000 1865.000000
1929.800000 1928.900000 1927.300000 1927.400000 1926.700000 1925.400000 1924.600000 1923.500000 1922.600000 1920.800000 1919.100000 1917.500000 1916.000000 1915.000000 1913.600000 1912.800000 1911.600000 1910.600000 1908.400000 1907.000000 1906.400000 1905.900000 1903.400000 1900.900000 1900.000000 1897.200000 1895.300000 1892.200000 1889.500000 1889.200000 1886.200000 1883.100000 1883.700000 1882.700000 1880.500000 1878.800000 1876.800000 1875.200000 1873.600000 1871.600000 1870.000000 1870.300000 1867.400000 1864.100000 1862.600000 1862.100000 1862.500000 1862.300000 1858.900000 1857.500000 1859.400000 1861.000000 1862.100000 1858.800000
1929.500000 1928.800000 1927.300000 1928.100000 1929.000000 1926.300000 1924.400000 1921.600000 1921.100000 1919.100000 1917.500000 1915.900000 1915.800000 1915.500000 1914.000000 1912.300000 1910.800000 1908.200000 1908.300000 1908.600000 1905.900000 1906.600000 1902.500000 1899.700000 1898.500000 1897.200000 1893.800000 1892.600000 1891.100000 1889.500000 1886.600000 1883.700000 1882.900000 1882.200000 1880.000000 1878.300000 1878.200000 1875.700000 1873.100000 1871.100000 1869.500000 1868.600000 1868.500000 1866.500000 1865.200000 1863.800000 1861.600000 1862.300000 1861.100000 1858.800000 1855.500000 1855.000000 1855.500000 1852.900000
1931.200000 1928.700000 1928.400000 1929.600000 1926.300000 1923.800000 1923.300000 1920.600000 1919.500000 1918.300000 1917.100000 1916.200000 1916.700000 1916.000000 1913.400000 1911.800000 1910.300000 1908.500000 1907.700000 1906.600000 1905.300000 1904.100000 1901.700000 1901.400000 1898.900000 1896.400000 1894.800000 1893.700000 1891.900000 1889.400000 1887.000000 1885.300000 1884.500000 1883.300000 1880.800000 1878.400000 1876.800000 1876.700000 1874.000000 1871.900000 1870.700000 1869.400000 1867.900000 1866.700000 1865.700000 1864.100000 1862.000000 1862.400000 1860.900000 1859.300000 1856.700000 1851.600000 1848.600000 1847.100000
1931.400000 1930.700000 1929.900000 1927.100000 1924.900000 1923.200000 1922.400000 1922.200000 1920.900000 1919.200000 1918.100000 1916.100000 1915.500000 1913.800000 1915.300000 1912.400000 1910.500000 1908.200000 1906.900000 1905.800000 1904.200000 1902.800000 1901.500000 1899.000000 1898.800000 1895.700000 1893.800000 1893.500000 1892.100000 1889.500000 1888.000000 1885.900000 1883.200000 1882.900000 1881.300000 1878.600000 1876.100000 1875.100000 1873.600000 1871.300000 1870.400000 1869.600000 1868.900000 1866.700000 1865.500000 1862.200000 1861.300000 1859.700000 1859.800000 1859.000000 1855.900000 1852.200000 1846.400000 1842.400000
1931.100000 1932.300000 1931.000000 1928.400000 1925.300000 1924.100000 1924.600000 1923.700000 1922.200000 1920.500000 1917.800000 1915.900000 1915.600000 1913.400000 1913.100000 1912.300000 1910.700000 1909.100000 1906.800000 1904.800000 1904.200000 1903.600000 1902.000000 1899.800000 1897.900000 1896.000000 1893.900000 1892.100000 1889.500000 1888.100000 1887.100000 1885.700000 1883.400000 1881.600000 1880.900000 1877.600000 1876.100000 1875.300000 1873.700000 1871.900000 1871.500000 1871.400000 1869.600000 1866.800000 1865.200000 1863.000000 1860.800000 1858.200000 1856.700000 1854.500000 1853.800000 1848.900000 1843.200000 1840.100000
1930.700000 1930.900000 1927.800000 1927.400000 1926.100000 1924.900000 1923.200000 1922.400000 1921.700000 1919.200000 1916.900000 1915.900000 1914.700000 1914.100000 1912.800000 1911.500000 1910.100000 1907.500000 1905.200000 1904.900000 1904.500000 1904.700000 1902.400000 1900.000000 1898.400000 1896.900000 1895.200000 1893.000000 1889.400000 1887.300000 1885.800000 1884.500000 1883.700000 1883.400000 1880.500000 1877.800000 1876.500000 1876.100000 1875.200000 1874.200000 1873.000000 1872.200000 1871.400000 1868.300000 1864.800000 1862.500000 1860.000000 1857.100000 1856.200000 1852.300000 1848.900000 1845.300000 1840.700000 1835.900000
1931.200000 1930.000000 1929.800000 1928.400000 1925.600000 1925.000000 1922.900000 1921.700000 1920.000000 1918.900000 1916.000000 1914.300000 1914.700000 1911.800000 1911.000000 1909.800000 1908.400000 1906.900000 1905.900000 1904.600000 1903.500000 1902.700000 1900.000000 1898.900000 1896.900000 1895.700000 1894.500000 1892.500000 1891.300000 1889.100000 1887.100000 1886.000000 1885.300000 1884.000000 1881.800000 1879.300000 1878.100000 1876.800000 1874.400000 1873.100000 1872.300000 1870.100000 1869.400000 1867.900000 1866.100000 1863.100000 1860.100000 1857.300000 1855.100000 1852.500000 1847.500000 1843.100000 1838.800000 1834.800000
1928.800000 1928.900000 1928.400000 1927.000000 1924.400000 1923.100000 1922.400000 1920.400000 1918.900000 1917.300000 1915.100000 1914.200000 1913.900000 1911.800000 1910.500000 1910.400000 1909.500000 1908.400000 1906.700000 1906.100000 1904.400000 1901.900000 1899.800000 1897.600000 1895.900000 1894.500000 1893.500000 1892.600000 1890.700000 1888.200000 1887.300000 1886.500000 1885.600000 1885.400000 1882.900000 1881.400000 1880.800000 1877.400000 1875.000000 1873.800000 1871.200000 1868.300000 1865.900000 1864.800000 1865.100000 1863.700000 1858.200000 1855.400000 1851.400000 1849.300000 1843.800000 1839.400000 1838.100000 1835.100000
1925.800000 1925.500000 1924.900000 1924.800000 1922.600000 1922.400000 1921.600000 1920.800000 1918.500000 1916.600000 1915.300000 1913.900000 1913.100000 1912.500000 1912.200000 1910.800000 1909.800000 1909.800000 1908.700000 1907.000000 1904.000000 1902.300000 1899.800000 1898.900000 1896.400000 1894.700000 1893.300000 1892.300000 1890.300000 1888.400000 1887.500000 1886.400000 1885.500000 1885.100000 1884.000000 1881.700000 1880.200000 1878.300000 1875.800000 1873.500000 1871.100000 1868.900000 1865.900000 1863.100000 1862.300000 1861.500000 1855.600000 1851.600000 1849.600000 1847.000000 1844.700000 1839.600000 1835.800000 1832.900000
