data/2006/output_2006_000000023000_SolidifiedLavaThickness.asc
ncols		517
nrows		378
xllcorner	499547.500000
yllcorner	4174982.500000
cellsize	10.000000
NODATA_value	0.000000
[rows 112 to 139 of 378, columns 0 to 62 of 517]
0.000000 0.000000 0.000000 0.000000 0.000000 0.000000 0.000000 0.000000 0.000000 0.000000 0.000000 0.000000 0.000000 0.000000 0.000000 0.000000 0.000000 0.000000 0.000000 0.000000 0.000000 0.000000 0.000000 0.000000 0.000000 0.000000 2.470772 5.811528 5.984963 5.984963 5.054977 6.961141 7.019604 7.108602 7.149834 7.207689 7.255194 7.295709 7.358979 7.395553 7.395553 7.395553 7.360327 0.950816 7.914205 7.650476 8.708136 9.008709 7.511305 7.513793 7.514361 7.514675 7.514873 7.515011 7.515106 7.515176 7.515226 7.515259 7.515281 7.515295 7.515302 7.515306 7.515307
0.000000 0.000000 0.000000 0.000000 0.000000 0.000000 0.000000 0.000000 0.000000 0.000000 0.000000 0.000000 0.000000 0.000000 0.000000 0.000000 0.000000 0.000000 0.000000 0.000000 0.000000 0.000000 0.000000 0.000000 0.000000 0.000000 2.537655 5.984963 6.556766 6.556766 6.862874 6.961141 7.019604 7.019656 7.149834 7.207689 7.255194 7.295709 7.358979 7.395553 7.436350 7.436350 7.470891 7.470891 7.914205 7.914205 9.008709 7.809526 7.510085 7.513906 7.514441 7.514741 7.514919 7.515043 7.515130 7.515191 7.515235 7.515265 7.515285 7.515297 7.515303 7.515306 7.515307
0.000000 0.000000 0.000000 0.000000 0.000000 0.000000 0.000000 0.000000 0.000000 0.000000 0.000000 0.000000 0.000000 0.000000 0.000000 0.000000 0.000000 0.000000 0.000000 0.000000 0.000000 0.000000 0.000000 0.000000 0.000000 0.000000 1.851802 5.984963 6.556766 6.734312 6.862874 6.961141 6.961141 7.019487 7.149834 7.207689 7.255194 7.295603 7.295603 7.395553 7.436350 7.455258 7.470891 7.489882 7.489882 7.489882 8.856537 7.507524 7.512960 7.513907 7.514479 7.514751 7.514929 7.515051 7.515137 7.515196 7.515237 7.515266 7.515285 7.515297 7.515303 7.515306 7.515307
0.000000 0.000000 0.000000 0.000000 0.000000 0.000000 0.000000 0.000000 0.000000 0.000000 0.000000 0.000000 0.000000 0.000000 0.000000 0.000000 0.000000 0.000000 0.000000 0.000000 0.000000 0.000000 0.000000 0.000000 0.000000 0.000000 0.823023 0.823023 6.556766 6.734312 6.862874 6.862874 6.862874 6.966573 6.966573 6.966573 6.161682 6.161682 6.161682 4.380808 7.436350 7.455258 7.474100 7.489882 7.499844 8.383150 8.856537 7.507524 7.512963 7.513970 7.514479 7.514751 7.514929 7.515051 7.515137 7.515196 7.515237 7.515266 7.515285 7.515297 7.515303 7.515306 7.515307
0.000000 0.000000 0.000000 0.000000 0.000000 0.000000 0.000000 0.000000 0.000000 0.000000 0.000000 0.000000 0.000000 0.000000 0.000000 0.000000 0.000000 0.000000 0.000000 0.000000 0.000000 0.000000 0.000000 0.000000 0.000000 0.000000 0.000000 0.774748 5.363442 6.734312 6.734312 6.734312 6.726951 6.726951 6.726951 4.852760 6.161682 7.268319 7.268319 7.268319 3.618512 7.455258 7.474100 7.489882 7.991199 7.503361 7.504768 7.511472 8.911109 7.513970 7.514479 7.514751 7.514929 7.515051 7.515137 7.515196 7.515237 7.515266 7.515285 7.515296 7.515303 7.515306 7.515307
0.000000 0.000000 0.000000 0.000000 0.000000 0.000000 0.000000 0.000000 0.000000 0.000000 0.000000 0.000000 0.000000 0.000000 0.000000 0.000000 0.000000 0.000000 0.000000 0.000000 0.000000 0.000000 0.000000 0.000000 0.000000 0.000000 0.000000 0.774748 5.197019 5.800139 6.210244 6.441839 6.441839 6.441839 1.107312 1.913922 7.206300 7.268319 7.330819 7.330819 7.429459 7.454470 7.474100 7.474100 8.353993 8.383150 7.504768 8.802980 7.513104 7.513970 7.514426 7.514721 7.514901 7.515031 7.515120 7.515185 7.515232 7.515262 7.515282 7.515295 7.515302 7.515306 7.515307
0.000000 0.000000 0.000000 0.000000 0.000000 0.000000 0.000000 0.000000 0.000000 0.000000 0.000000 0.000000 0.000000 0.000000 0.000000 0.000000 0.000000 0.000000 0.000000 0.000000 0.000000 0.000000 0.000000 0.000000 0.000000 0.000000 0.000000 0.774748 2.711619 5.800139 6.210244 6.210244 6.210244 1.972512 2.214624 7.134161 7.206300 7.268319 7.330819 7.386155 7.429459 7.454470 7.454470 8.353312 8.353993 7.652833 8.356256 8.802980 7.513104 7.513922 7.514351 7.514648 7.514849 7.514983 7.515085 7.515160 7.515213 7.515252 7.515277 7.515292 7.515300 7.515305 7.515307
0.000000 0.000000 0.000000 0.000000 0.000000 0.000000 0.000000 0.000000 0.000000 0.000000 0.000000 0.000000 0.000000 0.000000 0.000000 0.000000 0.000000 0.000000 0.000000 0.000000 0.000000 0.000000 0.000000 0.000000 0.000000 0.000000 0.000000 0.000000 0.000000 5.800139 5.800139 5.800139 0.750195 0.750195 7.046689 7.134161 7.206300 7.206300 7.330819 7.386155 7.429459 7.429459 7.429459 8.353312 7.970609 8.353993 8.353993 8.802980 7.513071 8.961563 7.514154 7.514499 7.514735 7.514909 7.515035 7.515125 7.515189 7.515237 7.515266 7.515286 7.515298 7.515303 7.515306
0.000000 0.000000 0.000000 0.000000 0.000000 0.000000 0.000000 0.000000 0.000000 0.000000 0.000000 0.000000 0.000000 0.000000 0.000000 0.000000 0.000000 0.000000 0.000000 0.000000 0.000000 0.000000 0.000000 0.000000 0.000000 0.000000 0.000000 0.000000 0.000000 0.000000 0.000000 0.000000 1.687940 6.938506 7.046689 7.134161 7.134161 7.134161 7.062561 7.386155 7.386155 7.386155 7.310555 8.353312 8.353312 8.353312 8.171636 7.511086 8.844047 7.512754 7.513698 7.514197 7.514540 7.514789 7.514960 7.515078 7.515162 7.515218 7.515255 7.515280 7.515293 7.515302 7.515305
0.000000 0.000000 0.000000 0.000000 0.000000 0.000000 0.000000 0.000000 0.000000 0.000000 0.000000 0.000000 0.000000 0.000000 0.000000 0.000000 0.000000 0.000000 0.000000 0.000000 0.000000 0.000000 0.000000 0.000000 0.000000 0.000000 0.000000 0.000000 0.000000 0.000000 0.000000 0.000000 6.791834 6.938506 7.046689 7.046689 7.046689 3.372735 7.062561 7.171585 7.243933 7.310555 7.375602 7.375602 7.486584 7.755723 7.509471 8.171636 8.844047 7.506613 7.510626 7.513407 7.514106 7.514563 7.514844 7.515010 7.515119 7.515191 7.515240 7.515270 7.515288 7.515297 7.515303
0.000000 0.000000 0.000000 0.000000 0.000000 0.000000 0.000000 0.000000 0.000000 0.000000 0.000000 0.000000 0.000000 0.000000 0.000000 0.000000 0.000000 0.000000 0.000000 0.000000 0.000000 0.000000 0.000000 0.000000 0.000000 0.000000 0.000000 0.000000 0.000000 0.000000 0.000000 6.578901 6.791834 6.938506 6.938506 6.938506 2.392563 4.979899 4.979899 7.171585 7.243933 7.310555 7.375602 7.464860 7.486584 7.505012 7.755723 8.326788 8.835856 7.500262 9.018812 9.165064 7.512934 7.514129 7.514637 7.514898 7.515055 7.515151 7.515214 7.515252 7.515274 7.515291 7.515299
0.000000 0.000000 0.000000 0.000000 0.000000 0.000000 0.000000 0.000000 0.000000 0.000000 0.000000 0.000000 0.000000 0.000000 0.000000 0.000000 0.000000 0.000000 0.000000 0.000000 0.000000 0.000000 0.000000 0.000000 0.000000 0.000000 0.000000 0.000000 0.000000 0.000000 6.186309 6.578901 6.791834 6.791834 6.791834 0.728955 0.000000 4.979905 5.586992 5.586992 7.243933 7.243933 7.437612 7.464860 7.486584 7.486584 8.024875 8.326788 7.495165 8.644967 9.137445 9.165064 7.534657 7.513001 7.514259 7.514723 7.514949 7.515092 7.515170 7.515224 7.515259 7.515280 7.515291
0.000000 0.000000 0.000000 0.000000 0.000000 0.000000 0.000000 0.000000 0.000000 0.000000 0.000000 0.000000 0.000000 0.000000 0.000000 0.000000 0.000000 0.000000 0.000000 0.000000 0.000000 0.000000 0.000000 0.000000 0.000000 0.000000 0.000000 0.000000 0.000000 0.000000 6.186309 6.578901 6.578901 6.578901 1.640150 0.728955 0.000000 4.979905 5.586992 7.326942 7.326942 7.405459 7.437612 7.464860 7.464860 7.729817 8.024875 7.494538 8.993695 8.993695 9.137445 7.689196 7.562063 7.512152 7.513527 7.514430 7.514805 7.514986 7.515120 7.515186 7.515233 7.515262 7.515279
0.000000 0.000000 0.000000 0.000000 0.000000 0.000000 0.000000 0.000000 0.000000 0.000000 0.000000 0.000000 0.000000 0.000000 0.000000 0.000000 0.000000 0.000000 0.000000 0.000000 0.000000 0.000000 0.000000 0.000000 0.000000 0.000000 0.000000 0.000000 0.000000 2.034082 6.186309 6.186309 6.582335 6.582335 6.582335 1.343052 1.739556 1.739556 7.279000 7.326942 7.368391 7.405459 7.437612 7.437612 7.459380 7.729817 7.491215 8.024875 8.993695 8.534084 9.137445 7.651741 9.192768 9.220791 7.513304 7.513981 7.514595 7.514901 7.515038 7.515136 7.515198 7.515238 7.515257
0.000000 0.000000 0.000000 0.000000 0.000000 0.000000 0.000000 0.000000 0.000000 0.000000 0.000000 0.000000 0.000000 0.000000 0.000000 0.000000 0.000000 0.000000 0.000000 0.000000 0.000000 0.000000 0.000000 0.000000 0.000000 0.000000 0.000000 0.000000 0.000000 4.391948 5.477648 6.052151 6.582335 6.794115 6.794115 6.794115 1.706109 7.219992 7.279000 7.326942 7.368391 7.405459 7.405459 7.440135 7.459380 7.483219 7.729817 7.729817 8.993695 8.284680 7.778940 7.773207 7.575434 7.520909 7.514115 7.513412 7.514350 7.514727 7.514943 7.515073 7.515154 7.515194 7.515229
0.000000 0.000000 0.000000 0.000000 0.000000 0.000000 0.000000 0.000000 0.000000 0.000000 0.000000 0.000000 0.000000 0.000000 0.000000 0.000000 0.000000 0.000000 0.000000 0.000000 0.000000 0.000000 0.000000 0.000000 0.000000 0.000000 0.000000 0.000000 0.000000 4.391948 5.484068 5.720824 6.582335 6.794115 6.954024 6.954024 7.152828 7.219992 7.279000 7.279000 7.368391 7.368391 7.400558 7.440135 7.459380 7.459380 7.459380 8.819956 8.981361 7.945112 9.072134 9.096792 7.548208 7.521424 7.515154 7.513716 7.513913 7.514536 7.514826 7.514980 7.515073 7.515145 7.515194
0.000000 0.000000 0.000000 0.000000 0.000000 0.000000 0.000000 0.000000 0.000000 0.000000 0.000000 0.000000 0.000000 0.000000 0.000000 0.000000 0.000000 0.000000 0.000000 0.000000 0.000000 0.000000 0.000000 0.000000 0.000000 0.000000 0.000000 0.000000 0.000000 4.391948 4.391948 4.391948 2.983023 6.794115 6.954024 7.077746 7.152828 7.219992 7.219992 7.219992 1.762880 7.361004 7.400558 7.440135 7.440135 7.442371 8.737398 8.819956 8.030082 8.978226 7.797491 7.590888 7.541133 7.523879 7.517159 7.514655 7.513644 7.514263 7.514631 7.514840 7.514983 7.515082 7.515146
0.000000 0.000000 0.000000 0.000000 0.000000 0.000000 0.000000 0.000000 0.000000 0.000000 0.000000 0.000000 0.000000 0.000000 0.000000 0.000000 0.000000 0.000000 0.000000 0.000000 0.000000 0.000000 0.000000 0.000000 0.000000 0.000000 0.000000 0.000000 0.000000 0.000000 0.000000 0.000000 1.375533 1.375533 6.954024 7.077746 7.152828 7.152828 7.152828 0.760866 7.316896 7.361004 7.400558 7.400558 7.400558 8.667926 8.737398 8.127685 8.819956 8.978226 9.012047 7.590350 7.543620 7.531747 7.519759 7.515200 7.514109 7.514175 7.514712 7.514679 7.514880 7.514999 7.515082
0.000000 0.000000 0.000000 0.000000 0.000000 0.000000 0.000000 0.000000 0.000000 0.000000 0.000000 0.000000 0.000000 0.000000 0.000000 0.000000 0.000000 0.000000 0.000000 0.000000 0.000000 0.000000 0.000000 0.000000 0.000000 0.000000 0.000000 0.000000 0.000000 0.000000 0.000000 0.000000 1.547474 6.426575 6.874963 7.077746 7.077746 7.077746 1.711950 7.268572 7.316896 7.361004 7.361004 7.361004 8.660532 8.667926 8.241776 8.737398 8.779660 7.669355 7.595782 7.565618 9.069280 7.542630 7.522663 7.516868 7.515211 9.293056 9.324405 7.514606 7.514738 7.514893 7.515001
0.000000 0.000000 0.000000 0.000000 0.000000 0.000000 0.000000 0.000000 0.000000 0.000000 0.000000 0.000000 0.000000 0.000000 0.000000 0.000000 0.000000 0.000000 0.000000 0.000000 0.000000 0.000000 0.000000 0.000000 0.000000 0.000000 0.000000 0.000000 0.000000 0.000000 0.000000 0.000000 5.235352 6.426575 6.874963 6.874963 6.874963 5.533118 7.213933 7.268572 7.316896 7.316896 7.316896 8.658927 8.660532 8.433776 8.667926 8.317949 8.779660 7.632633 7.621456 7.697515 9.058244 7.544435 7.528784 7.525756 7.549391 7.529817 7.515202 7.514742 7.514609 7.514772 7.514909
0.000000 0.000000 0.000000 0.000000 0.000000 0.000000 0.000000 0.000000 0.000000 0.000000 0.000000 0.000000 0.000000 0.000000 0.000000 0.000000 0.000000 0.000000 0.000000 0.000000 0.000000 0.000000 0.000000 0.000000 0.000000 0.000000 0.000000 0.000000 0.000000 0.000000 0.000000 0.000000 5.235352 6.426575 6.426575 6.426575 5.533118 7.150849 7.213933 7.268572 7.268572 7.268572 8.658688 8.658927 8.532898 8.660532 8.660532 8.615342 7.672033 8.797203 8.851560 8.851560 8.999283 7.542915 7.540940 9.111269 9.125733 7.528552 7.517112 7.515724 7.515764 7.515551 7.515179
0.000000 0.000000 0.000000 0.000000 0.000000 0.000000 0.000000 0.000000 0.000000 0.000000 0.000000 0.000000 0.000000 0.000000 0.000000 0.000000 0.000000 0.000000 0.000000 0.000000 0.000000 0.000000 0.000000 0.000000 0.000000 0.000000 0.000000 0.000000 0.000000 0.000000 0.000000 0.000000 5.235352 5.235352 5.235352 0.790806 7.076817 7.150849 7.213933 7.213933 7.213933 6.275206 8.658688 8.612211 8.658927 8.658927 8.221843 7.727327 8.465788 8.465788 8.650601 7.607884 7.563642 7.582065 7.647869 9.012169 7.533745 7.521846 7.519051 7.522201 7.520144 9.288138 7.516170
0.000000 0.000000 0.000000 0.000000 0.000000 0.000000 0.000000 0.000000 0.000000 0.000000 0.000000 0.000000 0.000000 0.000000 0.000000 0.000000 0.000000 0.000000 0.000000 0.000000 0.000000 0.000000 0.000000 0.000000 0.000000 0.000000 0.000000 0.000000 0.000000 0.000000 0.000000 0.000000 0.000000 0.000000 1.779313 6.987832 7.076817 7.150849 7.150849 7.150849 7.848760 7.848760 8.822129 8.658688 8.822129 7.990633 7.778141 8.221843 8.221843 8.291576 8.650601 7.581295 8.892131 8.932260 8.932260 9.012169 7.529258 7.523904 9.173853 9.211241 9.211241 7.523042 7.517824
0.000000 0.000000 0.000000 0.000000 0.000000 0.000000 0.000000 0.000000 0.000000 0.000000 0.000000 0.000000 0.000000 0.000000 0.000000 0.000000 0.000000 0.000000 0.000000 0.000000 0.000000 0.000000 0.000000 0.000000 0.000000 0.000000 0.000000 0.000000 0.000000 0.000000 0.000000 0.000000 0.727991 0.727991 6.874821 6.987832 7.076817 7.076817 7.076817 7.788141 7.848760 7.877815 7.877815 7.887474 7.888595 7.990633 7.818516 7.990633 8.084321 8.291576 7.592764 8.502636 8.245251 8.502425 8.154972 8.903156 7.530622 7.541739 7.569783 8.941379 9.180042 7.523554 7.522844
0.000000 0.000000 0.000000 0.000000 0.000000 0.000000 0.000000 0.000000 0.000000 0.000000 0.000000 0.000000 0.000000 0.000000 0.000000 0.000000 0.000000 0.000000 0.000000 0.000000 0.000000 0.000000 0.000000 0.000000 0.000000 0.000000 0.000000 0.000000 0.000000 0.000000 0.000000 0.000000 1.637980 6.724301 6.874821 6.987832 6.987832 6.987832 7.658631 7.788141 7.848760 7.877815 7.887201 7.887474 7.873981 7.849169 7.894438 7.894438 8.084321 7.607356 8.291576 8.502425 8.502425 8.502425 8.403537 7.533966 8.874030 8.886737 8.886737 7.543680 7.529230 7.533308 7.549950
0.000000 0.000000 0.000000 0.000000 0.000000 0.000000 0.000000 0.000000 0.000000 0.000000 0.000000 0.000000 0.000000 0.000000 0.000000 0.000000 0.000000 0.000000 0.000000 0.000000 0.000000 0.000000 0.000000 0.000000 0.000000 0.000000 0.000000 0.000000 0.000000 0.000000 0.742096 0.742096 6.514446 6.724301 6.874821 6.874821 6.874821 7.272945 7.658631 7.788141 7.788141 7.877815 7.887201 7.887204 7.888595 7.888595 7.888595 7.882015 7.624237 8.084321 8.084321 7.746140 7.809580 8.091481 7.538338 8.403537 8.403537 8.632604 7.553299 8.941379 7.539532 9.115779 9.147142
0.000000 0.000000 0.000000 0.000000 0.000000 0.000000 0.000000 0.000000 0.000000 0.000000 0.000000 0.000000 0.000000 0.000000 0.000000 0.000000 0.000000 0.000000 0.000000 0.000000 0.000000 0.000000 0.000000 0.000000 0.000000 0.000000 0.000000 0.000000 0.000000 0.000000 1.669717 6.195356 6.514446 6.724301 6.724301 6.724301 4.476361 7.272945 7.658631 7.658631 7.658631 2.661386 7.887201 7.887201 7.887201 7.714130 7.717335 7.644063 7.882015 7.882015 3.520683 7.746140 7.572867 7.544012 8.091481 8.133866 8.400484 7.571573 7.580853 7.561604 7.597522 8.863805 8.213658
0.000000 0.000000 0.000000 0.000000 0.000000 0.000000 0.000000 0.000000 0.000000 0.000000 0.000000 0.000000 0.000000 0.000000 0.000000 0.000000 0.000000 0.000000 0.000000 0.000000 0.000000 0.000000 0.000000 0.000000 0.000000 0.000000 0.000000 0.000000 0.000000 0.000000 5.510201 6.195356 6.514446 6.514446 6.514446 0.720347 4.533657 7.272945 7.272945 7.272945 2.342031 1.845925 1.597935 7.713542 7.713614 7.714130 7.666006 7.717335 7.717335 3.653880 7.598614 7.746140 7.556414 7.892463 7.892463 8.133866 7.580363 8.606509 8.729234 8.827833 8.827833 8.827833 8.213658
