data/2006/output_2006_000000016000_Morphology.asc
ncols		517
nrows		378
xllcorner	499547.500000
yllcorner	4174982.500000
cellsize	10.000000
NODATA_value	0.000000
[rows 216 to 239 of 378, columns 216 to 269 of 517]
2303.800000 2296.500000 2290.000000 2283.400000 2277.800000 2271.900000 2265.800000 2259.600000 2254.600000 2250.700000 2248.100000 2245.600000 2245.100000 2243.700000 2240.600000 2240.300000 2237.100000 2237.200000 2235.200000 2230.200000 2229.700000 2229.500000 2229.600000 2228.300000 2227.200000 2225.100000 2223.100000 2221.800000 2221.700000 2219.500000 2215.200000 2213.500000 2214.600000 2214.400000 2213.300000 2208.100000 2205.200000 2201.400000 2199.100000 2198.500000 2196.700000 2193.000000 2187.100000 2183.300000 2180.600000 2175.200000 2170.800000 2166.000000 2160.500000 2155.500000 2150.200000 2145.700000 2140.700000 2137.300000
2300.000000 2293.900000 2287.100000 2281.600000 2275.500000 2269.500000 2263.400000 2258.100000 2255.100000 2250.800000 2245.300000 2243.100000 2241.900000 2239.800000 2238.400000 2239.000000 2235.300000 2234.400000 2232.500000 2229.900000 2229.000000 2228.100000 2229.200000 2227.200000 2226.800000 2224.600000 2222.500000 2221.500000 2219.800000 2217.200000 2212.200000 2211.900000 2211.600000 2211.300000 2209.500000 2205.500000 2203.500000 2200.600000 2197.400000 2196.700000 2193.100000 2190.600000 2186.200000 2181.200000 2176.500000 2173.300000 2169.800000 2165.600000 2160.400000 2155.000000 2149.800000 2145.600000 2141.000000 2136.700000
2296.500000 2291.400000 2284.000000 2278.200000 2272.500000 2267.700000 2263.700000 2258.700000 2253.700000 2248.600000 2244.000000 2239.400000 2239.400000 2237.700000 2235.500000 2234.900000 2234.300000 2235.800000 2233.800000 2231.100000 2227.500000 2226.900000 2227.000000 2227.200000 2224.700000 2221.800000 2220.900000 2219.600000 2217.500000 2215.600000 2212.100000 2208.500000 2207.500000 2207.900000 2206.400000 2204.700000 2203.700000 2201.100000 2197.700000 2194.200000 2192.100000 2187.600000 2182.700000 2180.500000 2176.300000 2170.900000 2168.300000 2163.100000 2157.200000 2154.300000 2150.400000 2146.500000 2142.400000 2137.800000
2294.200000 2289.700000 2284.500000 2278.800000 2271.800000 2265.000000 2260.900000 2255.400000 2251.100000 2246.600000 2241.800000 2237.600000 2235.900000 2235.000000 2232.600000 2232.400000 2234.300000 2235.100000 2234.200000 2232.500000 2227.900000 2225.300000 2225.200000 2224.700000 2223.200000 2221.800000 2220.300000 2219.300000 2216.200000 2213.000000 2210.200000 2207.900000 2205.000000 2205.700000 2206.500000 2204.900000 2203.000000 2200.400000 2197.200000 2194.200000 2189.800000 2185.200000 2180.800000 2177.300000 2174.100000 2170.900000 2165.300000 2162.400000 2159.000000 2155.200000 2152.500000 2147.500000 2142.000000 2135.300000
2290.000000 2284.700000 2281.300000 2278.300000 2273.100000 2266.200000 2262.100000 2255.700000 2249.200000 2242.400000 2238.600000 2235.500000 2232.600000 2231.200000 2230.300000 2227.100000 2228.600000 2230.300000 2230.400000 2229.700000 2225.600000 2223.400000 2224.000000 2223.400000 2222.600000 2220.100000 2218.400000 2217.400000 2216.400000 2211.100000 2208.300000 2206.000000 2204.100000 2204.200000 2205.700000 2203.300000 2201.200000 2197.800000 2195.200000 2192.700000 2189.000000 2183.800000 2178.700000 2174.500000 2170.000000 2168.200000 2165.300000 2162.800000 2159.400000 2155.600000 2152.000000 2147.400000 2142.100000 2136.500000
2287.200000 2281.700000 2276.100000 2271.400000 2268.000000 2264.600000 2261.500000 2255.600000 2250.700000 2246.100000 2240.500000 2235.200000 2231.100000 2228.900000 2226.600000 2225.900000 2226.000000 2225.600000 2223.400000 2222.100000 2221.800000 2221.900000 2223.000000 2223.000000 2221.800000 2219.400000 2217.500000 2216.100000 2214.700000 2210.200000 2208.700000 2206.200000 2203.400000 2203.600000 2203.300000 2201.900000 2199.300000 2196.700000 2192.700000 2190.300000 2186.700000 2183.800000 2179.400000 2174.600000 2170.700000 2168.500000 2164.000000 2160.500000 2157.100000 2154.200000 2151.400000 2147.000000 2142.100000 2135.700000
2287.500000 2280.400000 2274.400000 2269.600000 2262.900000 2258.000000 2256.600000 2252.700000 2249.000000 2245.400000 2241.600000 2238.400000 2232.300000 2227.800000 2224.800000 2225.300000 2224.200000 2224.100000 2221.800000 2218.900000 2218.100000 2220.200000 2220.600000 2221.400000 2220.600000 2219.200000 2217.300000 2216.500000 2215.200000 2212.700000 2209.300000 2206.100000 2203.900000 2202.400000 2201.800000 2200.300000 2197.500000 2193.900000 2190.500000 2187.900000 2185.400000 2182.400000 2178.900000 2175.100000 2171.300000 2167.600000 2164.000000 2160.600000 2155.900000 2151.600000 2148.500000 2143.500000 2138.300000 2133.500000
2287.100000 2279.900000 2272.500000 2267.100000 2263.800000 2257.300000 2251.800000 2247.000000 2244.800000 2243.000000 2240.400000 2236.200000 2232.500000 2229.800000 2225.000000 2221.700000 2222.800000 2222.300000 2220.000000 2218.000000 2217.100000 2218.500000 2218.900000 2218.300000 2217.600000 2217.600000 2217.200000 2215.600000 2214.100000 2210.500000 2206.900000 2204.200000 2202.800000 2200.800000 2200.900000 2199.100000 2196.900000 2193.700000 2190.500000 2187.300000 2185.300000 2181.500000 2178.900000 2175.100000 2171.400000 2167.000000 2163.700000 2159.400000 2154.400000 2148.300000 2144.100000 2140.700000 2137.800000 2133.800000
2284.100000 2279.000000 2273.300000 2266.000000 2259.600000 2254.500000 2249.700000 2246.200000 2242.100000 2237.500000 2235.300000 2233.800000 2230.900000 2226.600000 2224.400000 2219.400000 2221.100000 2221.600000 2217.800000 2215.800000 2215.600000 2216.400000 2216.300000 2215.700000 2215.000000 2215.100000 2214.700000 2212.800000 2212.300000 2208.500000 2205.900000 2204.300000 2201.000000 2199.400000 2199.000000 2198.200000 2197.700000 2194.500000 2191.500000 2187.400000 2184.500000 2182.800000 2179.500000 2175.000000 2170.600000 2166.400000 2164.100000 2159.700000 2152.700000 2147.100000 2143.800000 2140.400000 2137.600000 2133.900000
2281.000000 2275.900000 2272.200000 2267.600000 2259.700000 2252.000000 2246.100000 2242.200000 2240.900000 2236.000000 2230.200000 2227.300000 2225.700000 2223.600000 2220.600000 2218.300000 2218.200000 2218.800000 2215.800000 2214.300000 2214.500000 2214.800000 2214.600000 2214.700000 2214.000000 2212.800000 2212.000000 2211.400000 2210.200000 2208.300000 2206.100000 2203.800000 2201.900000 2198.400000 2195.500000 2195.300000 2195.700000 2194.500000 2190.300000 2187.600000 2185.400000 2182.900000 2179.800000 2177.000000 2173.000000 2169.000000 2163.200000 2158.600000 2153.900000 2150.200000 2144.700000 2141.700000 2137.300000 2132.900000
2277.200000 2272.300000 2269.900000 2265.100000 2258.100000 2251.300000 2244.800000 2239.600000 2237.500000 2231.900000 2227.800000 2222.700000 2220.800000 2220.500000 2216.200000 2216.400000 2215.900000 2215.300000 2215.900000 2213.600000 2212.400000 2213.200000 2213.200000 2212.300000 2213.000000 2211.500000 2210.000000 2208.800000 2207.300000 2207.600000 2205.600000 2203.400000 2199.800000 2197.200000 2195.600000 2193.600000 2192.000000 2193.500000 2191.100000 2186.100000 2184.300000 2182.000000 2178.600000 2175.300000 2172.300000 2168.200000 2164.800000 2158.600000 2154.400000 2150.100000 2145.400000 2141.700000 2137.100000 2132.700000
2271.200000 2267.300000 2264.700000 2259.600000 2254.200000 2248.700000 2242.700000 2237.400000 2234.600000 2231.200000 2224.600000 2219.700000 2216.600000 2215.700000 2212.400000 2213.200000 2212.700000 2213.000000 2212.300000 2212.000000 2211.100000 2212.200000 2209.800000 2209.500000 2210.700000 2209.000000 2209.600000 2207.500000 2205.500000 2205.000000 2205.100000 2203.800000 2201.000000 2198.100000 2197.600000 2193.300000 2191.000000 2191.000000 2189.000000 2186.400000 2184.000000 2180.500000 2177.500000 2174.300000 2169.900000 2166.600000 2163.500000 2159.000000 2153.600000 2150.700000 2146.900000 2143.800000 2138.600000 2135.300000
2268.200000 2262.900000 2258.300000 2254.400000 2249.200000 2244.300000 2238.900000 2234.300000 2229.800000 2228.000000 2224.100000 2218.300000 2212.600000 2212.000000 2209.600000 2209.200000 2209.100000 2211.100000 2210.000000 2210.700000 2210.500000 2211.000000 2208.200000 2207.700000 2207.500000 2207.000000 2207.700000 2204.800000 2204.300000 2203.400000 2202.000000 2200.800000 2199.400000 2199.500000 2197.400000 2195.000000 2189.700000 2188.200000 2186.600000 2184.300000 2182.500000 2178.700000 2174.600000 2171.500000 2169.500000 2165.100000 2161.100000 2156.000000 2151.800000 2149.300000 2146.600000 2144.800000 2140.400000 2136.100000
2268.300000 2262.700000 2256.800000 2250.700000 2245.200000 2240.000000 2235.200000 2232.200000 2228.600000 2226.100000 2223.300000 2218.700000 2212.200000 2209.600000 2207.300000 2205.800000 2205.700000 2208.900000 2207.400000 2207.900000 2210.000000 2209.300000 2207.400000 2206.300000 2206.500000 2205.700000 2205.000000 2203.200000 2202.900000 2201.200000 2200.200000 2198.400000 2197.900000 2197.200000 2195.600000 2193.000000 2190.100000 2188.300000 2186.900000 2181.700000 2179.700000 2178.000000 2173.200000 2170.100000 2168.000000 2164.100000 2160.600000 2157.400000 2153.400000 2150.600000 2148.200000 2147.100000 2142.000000 2138.400000
2270.800000 2263.800000 2256.800000 2250.300000 2244.400000 2238.800000 2233.500000 2228.200000 2224.200000 2223.500000 2221.300000 2218.200000 2213.600000 2210.500000 2206.100000 2205.600000 2203.700000 2205.500000 2204.400000 2205.900000 2208.600000 2207.900000 2207.000000 2204.500000 2204.400000 2202.300000 2201.900000 2202.000000 2201.500000 2200.100000 2198.200000 2197.000000 2196.900000 2195.900000 2194.200000 2192.700000 2188.600000 2186.000000 2185.000000 2181.300000 2175.900000 2175.000000 2172.500000 2169.700000 2167.900000 2166.000000 2161.300000 2157.000000 2154.200000 2151.600000 2149.800000 2146.600000 2143.300000 2139.200000
2270.500000 2264.700000 2257.900000 2252.100000 2246.700000 2239.800000 2232.900000 2227.800000 2222.600000 2218.300000 2215.400000 2213.800000 2212.000000 2208.700000 2205.200000 2205.000000 2203.700000 2203.200000 2204.100000 2205.000000 2205.800000 2205.200000 2205.100000 2203.300000 2202.400000 2202.300000 2200.600000 2200.400000 2200.400000 2197.200000 2195.600000 2195.500000 2194.500000 2194.900000 2193.100000 2190.500000 2186.400000 2184.000000 2182.300000 2179.800000 2176.400000 2173.100000 2170.300000 2168.700000 2166.400000 2164.500000 2161.500000 2157.100000 2152.700000 2150.100000 2149.100000 2146.700000 2143.700000 2139.800000
2270.800000 2265.000000 2259.100000 2254.800000 2249.000000 2241.800000 2235.500000 2230.600000 2226.400000 2221.700000 2216.700000 2212.100000 2208.400000 2209.000000 2205.700000 2203.400000 2202.500000 2201.300000 2202.400000 2203.500000 2202.900000 2203.600000 2202.600000 2201.400000 2201.500000 2199.900000 2199.800000 2198.000000 2198.400000 2195.600000 2193.300000 2192.900000 2191.100000 2190.800000 2190.400000 2189.100000 2186.900000 2185.200000 2182.100000 2178.600000 2175.000000 2172.800000 2171.400000 2168.800000 2166.700000 2164.800000 2162.500000 2158.900000 2155.100000 2152.400000 2148.500000 2143.900000 2138.800000 2136.500000
2268.600000 2263.500000 2258.600000 2252.900000 2246.900000 2240.900000 2236.100000 2231.500000 2227.300000 2223.200000 2219.000000 2214.400000 2209.700000 2204.600000 2204.800000 2203.400000 2202.000000 2200.400000 2201.600000 2202.300000 2200.000000 2201.600000 2201.700000 2201.300000 2200.100000 2199.100000 2198.500000 2196.000000 2195.900000 2193.700000 2191.400000 2191.100000 2189.200000 2188.800000 2187.700000 2185.600000 2184.600000 2182.800000 2181.200000 2178.800000 2176.000000 2172.600000 2170.800000 2169.600000 2165.500000 2162.500000 2160.600000 2158.300000 2155.100000 2150.600000 2147.700000 2144.600000 2139.900000 2135.800000
2271.100000 2264.000000 2256.600000 2251.400000 2247.600000 2242.200000 2236.600000 2231.900000 2227.600000 2223.800000 2219.100000 2214.400000 2210.900000 2206.600000 2203.100000 2203.300000 2201.600000 2200.400000 2200.000000 2201.400000 2199.100000 2200.100000 2200.100000 2199.900000 2196.000000 2195.700000 2196.400000 2194.800000 2193.900000 2191.500000 2189.000000 2188.600000 2185.900000 2186.300000 2184.600000 2184.400000 2182.400000 2179.500000 2179.300000 2177.600000 2175.900000 2172.900000 2170.300000 2167.100000 2163.600000 2160.400000 2159.300000 2156.000000 2152.300000 2149.200000 2147.500000 2143.800000 2140.500000 2136.900000
2271.300000 2265.600000 2260.300000 2253.200000 2248.300000 2244.300000 2239.300000 2234.600000 2229.700000 2224.400000 2219.800000 2215.000000 2211.800000 2207.600000 2204.200000 2201.900000 2201.600000 2199.200000 2198.200000 2198.700000 2199.000000 2198.000000 2198.000000 2199.200000 2195.700000 2193.800000 2193.300000 2193.100000 2190.800000 2189.700000 2188.000000 2186.800000 2184.700000 2184.000000 2182.300000 2181.500000 2182.000000 2179.100000 2176.800000 2176.300000 2174.900000 2173.000000 2169.200000 2166.000000 2162.800000 2161.400000 2158.500000 2155.200000 2152.100000 2149.000000 2145.500000 2143.800000 2140.400000 2135.900000
2271.900000 2266.400000 2261.700000 2257.000000 2251.600000 2245.600000 2240.300000 2235.500000 2231.000000 2226.300000 2221.200000 2216.300000 2211.500000 2208.000000 2204.500000 2199.900000 2200.200000 2198.800000 2196.900000 2196.000000 2197.000000 2196.700000 2194.800000 2195.800000 2195.700000 2192.400000 2191.600000 2189.400000 2187.000000 2187.400000 2185.800000 2185.700000 2184.500000 2183.000000 2181.200000 2180.800000 2179.600000 2178.000000 2176.400000 2174.700000 2171.700000 2171.600000 2168.600000 2165.400000 2160.700000 2158.100000 2157.100000 2154.200000 2150.100000 2148.200000 2145.300000 2142.700000 2138.500000 2135.600000
2275.000000 2269.600000 2263.200000 2258.400000 2252.800000 2246.800000 2241.600000 2235.600000 2231.500000 2227.200000 2223.000000 2217.600000 2212.700000 2207.600000 2204.200000 2200.000000 2196.700000 2198.300000 2195.900000 2194.600000 2193.700000 2196.300000 2194.200000 2192.700000 2194.000000 2189.000000 2189.200000 2187.000000 2186.700000 2185.700000 2185.100000 2184.300000 2183.800000 2181.900000 2180.300000 2180.800000 2179.500000 2177.000000 2175.100000 2173.300000 2172.000000 2168.800000 2167.100000 2163.900000 2160.400000 2157.500000 2154.100000 2151.800000 2147.200000 2146.100000 2142.400000 2140.700000 2138.500000 2134.700000
2274.800000 2269.400000 2264.800000 2260.200000 2255.100000 2248.700000 2243.300000 2238.400000 2232.200000 2226.200000 2220.900000 2218.200000 2214.000000 2209.400000 2205.800000 2201.300000 2196.000000 2195.400000 2195.100000 2192.800000 2192.600000 2192.300000 2195.200000 2192.200000 2190.400000 2190.900000 2185.500000 2184.700000 2185.400000 2184.300000 2183.800000 2183.700000 2183.200000 2181.900000 2181.500000 2178.800000 2179.400000 2176.000000 2173.800000 2173.200000 2170.900000 2167.800000 2163.600000 2161.600000 2158.300000 2154.900000 2152.000000 2149.300000 2147.900000 2145.200000 2142.000000 2138.400000 2135.600000 2132.800000
2274.500000 2269.600000 2265.400000 2260.900000 2255.400000 2250.000000 2244.100000 2237.600000 2231.000000 2226.400000 2221.200000 2216.100000 2213.700000 2209.900000 2205.500000 2200.800000 2196.700000 2193.300000 2194.600000 2191.900000 2190.600000 2190.200000 2190.200000 2192.300000 2189.400000 2188.000000 2187.200000 2183.100000 2182.700000 2183.000000 2182.100000 2181.000000 2181.600000 2179.700000 2179.200000 2177.700000 2174.000000 2172.700000 2172.700000 2171.400000 2168.900000 2166.100000 2162.000000 2158.600000 2156.300000 2153.100000 2149.500000 2148.600000 2145.200000 2143.900000 2141.100000 2138.700000 2135.900000 2131.700000
