data/2006/output_2006_000000016000_Morphology.asc
ncols		517
nrows		378
xllcorner	499547.500000
yllcorner	4174982.500000
cellsize	10.000000
NODATA_value	0.000000
[rows 336 to 359 of 378, columns 216 to 269 of 517]
2115.000000 2114.400000 2128.500000 2117.800000 2086.500000 2080.800000 2075.200000 2070.100000 2065.100000 2060.600000 2056.300000 2052.000000 2047.700000 2043.400000 2039.900000 2034.700000 2028.500000 2022.500000 2016.300000 2010.200000 2004.400000 1998.900000 1993.700000 1988.400000 1983.600000 1979.500000 1974.400000 1970.800000 1966.900000 1961.400000 1956.400000 1952.900000 1949.100000 1945.800000 1941.700000 1937.800000 1934.400000 1930.500000 1927.300000 1923.100000 1920.000000 1916.400000 1912.600000 1909.600000 1906.000000 1902.800000 1899.300000 1896.100000 1892.800000 1889.700000 1886.600000 1883.600000 1880.400000 1877.400000
2109.400000 2111.400000 2124.400000 2118.200000 2092.100000 2077.100000 2071.600000 2066.300000 2061.100000 2056.400000 2051.500000 2047.400000 2043.400000 2038.600000 2034.300000 2030.000000 2026.300000 2021.400000 2016.300000 2011.000000 2005.500000 1999.100000 1992.600000 1986.100000 1981.300000 1976.000000 1970.300000 1967.800000 1963.100000 1958.100000 1953.400000 1949.600000 1946.000000 1942.500000 1938.400000 1934.700000 1931.200000 1927.600000 1923.500000 1920.400000 1917.000000 1913.000000 1909.900000 1906.000000 1902.600000 1899.200000 1896.200000 1892.900000 1889.800000 1886.500000 1883.400000 1880.400000 1877.400000 1874.300000
2105.700000 2108.600000 2117.100000 2116.700000 2096.900000 2077.200000 2068.200000 2062.400000 2057.200000 2052.400000 2047.700000 2042.900000 2039.100000 2035.200000 2029.200000 2024.100000 2020.600000 2018.900000 2014.700000 2009.900000 2005.600000 1999.200000 1991.300000 1985.000000 1978.300000 1972.500000 1967.200000 1963.400000 1958.700000 1955.000000 1950.400000 1946.700000 1942.800000 1938.200000 1935.600000 1931.400000 1928.200000 1923.900000 1920.900000 1916.500000 1913.600000 1909.300000 1906.500000 1902.900000 1899.200000 1896.200000 1893.000000 1890.000000 1886.600000 1883.600000 1880.300000 1877.200000 1873.900000 1870.800000
2102.400000 2100.400000 2105.700000 2110.300000 2087.000000 2072.300000 2065.400000 2059.300000 2053.700000 2048.700000 2043.900000 2038.800000 2034.300000 2031.100000 2025.100000 2019.100000 2014.800000 2012.000000 2010.500000 2007.700000 2002.500000 1997.100000 1989.700000 1982.000000 1974.000000 1969.200000 1964.000000 1959.800000 1955.600000 1954.900000 1946.400000 1942.600000 1938.700000 1935.700000 1932.100000 1928.100000 1925.100000 1920.800000 1916.900000 1914.400000 1910.500000 1905.700000 1903.500000 1899.500000 1896.400000 1893.200000 1889.600000 1886.700000 1883.600000 1880.600000 1877.400000 1874.100000 1870.900000 1867.600000
2099.400000 2094.800000 2091.900000 2093.400000 2078.000000 2070.000000 2064.100000 2057.700000 2051.700000 2046.400000 2041.200000 2035.900000 2030.900000 2025.900000 2020.700000 2015.100000 2010.300000 2005.900000 2002.400000 1999.600000 1998.500000 1992.500000 1986.300000 1980.400000 1972.700000 1964.900000 1959.600000 1956.000000 1952.100000 1948.300000 1943.400000 1938.800000 1936.100000 1931.900000 1928.800000 1925.200000 1921.300000 1917.500000 1914.200000 1910.500000 1906.600000 1902.700000 1899.500000 1896.500000 1893.300000 1889.900000 1886.600000 1883.500000 1880.100000 1877.700000 1874.500000 1871.100000 1868.000000 1864.900000
2096.700000 2090.600000 2086.900000 2083.200000 2076.500000 2069.200000 2063.100000 2057.600000 2052.900000 2045.600000 2038.800000 2033.600000 2028.500000 2023.200000 2018.000000 2012.900000 2007.600000 2002.600000 1997.800000 1993.300000 1989.600000 1987.300000 1979.700000 1975.400000 1972.900000 1969.200000 1958.000000 1952.200000 1948.400000 1943.800000 1940.400000 1936.400000 1932.500000 1929.000000 1925.300000 1921.900000 1918.100000 1914.300000 1910.500000 1907.300000 1904.200000 1900.100000 1896.400000 1892.700000 1889.600000 1886.600000 1883.500000 1880.100000 1877.200000 1874.500000 1871.400000 1868.100000 1865.000000 1861.900000
2093.300000 2088.700000 2082.900000 2077.200000 2073.800000 2067.900000 2061.900000 2056.000000 2053.900000 2054.800000 2041.500000 2032.200000 2026.700000 2021.100000 2016.300000 2010.700000 2005.700000 2000.800000 1995.000000 1990.500000 1985.600000 1981.100000 1976.200000 1970.200000 1965.800000 1964.300000 1961.200000 1949.900000 1944.900000 1940.900000 1937.800000 1933.200000 1929.400000 1925.800000 1922.400000 1918.800000 1915.000000 1911.700000 1907.800000 1904.900000 1900.900000 1897.600000 1894.200000 1891.100000 1886.700000 1883.600000 1880.600000 1877.600000 1874.200000 1871.200000 1868.200000 1865.300000 1862.100000 1859.100000
2091.400000 2086.100000 2081.300000 2075.600000 2070.800000 2066.700000 2060.600000 2054.600000 2052.400000 2056.300000 2034.800000 2029.100000 2024.600000 2019.100000 2013.500000 2008.800000 2003.400000 1998.800000 1992.000000 1988.200000 1983.100000 1978.700000 1973.500000 1968.400000 1963.300000 1957.800000 1953.800000 1947.500000 1942.800000 1938.800000 1935.100000 1931.300000 1927.400000 1923.600000 1920.000000 1916.300000 1912.600000 1908.800000 1905.400000 1901.300000 1898.300000 1894.900000 1891.400000 1888.200000 1883.800000 1880.500000 1877.600000 1874.200000 1871.200000 1868.200000 1865.500000 1862.500000 1859.200000 1856.300000
2089.700000 2083.200000 2079.700000 2074.000000 2068.500000 2064.000000 2058.700000 2053.200000 2048.200000 2041.200000 2035.800000 2028.700000 2024.200000 2017.700000 2012.500000 2007.000000 2002.000000 1996.600000 1991.100000 1986.600000 1981.600000 1976.800000 1971.900000 1966.800000 1961.700000 1957.200000 1951.800000 1946.900000 1942.300000 1937.400000 1933.000000 1929.400000 1925.600000 1922.300000 1918.200000 1914.300000 1910.700000 1906.800000 1903.200000 1900.000000 1896.300000 1892.800000 1889.200000 1885.400000 1881.800000 1878.600000 1875.000000 1871.600000 1868.700000 1865.400000 1862.700000 1859.400000 1856.900000 1853.400000
2088.100000 2081.800000 2077.400000 2071.900000 2067.200000 2061.600000 2056.000000 2051.900000 2044.400000 2037.100000 2034.200000 2030.000000 2023.800000 2016.700000 2011.700000 2005.800000 2001.400000 1996.200000 1990.500000 1985.700000 1980.300000 1975.200000 1970.400000 1965.100000 1960.500000 1955.300000 1950.700000 1946.200000 1941.400000 1936.600000 1932.000000 1927.600000 1924.200000 1920.400000 1917.100000 1912.900000 1909.200000 1905.400000 1901.900000 1898.000000 1894.500000 1891.000000 1887.500000 1883.900000 1880.600000 1876.800000 1873.100000 1869.500000 1866.000000 1862.900000 1859.900000 1856.900000 1854.200000 1851.400000
2086.400000 2080.200000 2075.100000 2070.400000 2065.100000 2059.900000 2055.400000 2050.000000 2043.500000 2036.300000 2032.400000 2028.700000 2022.600000 2017.300000 2012.900000 2006.400000 2000.700000 1996.000000 1990.600000 1985.300000 1980.400000 1975.000000 1969.900000 1965.000000 1959.500000 1954.200000 1949.500000 1944.600000 1939.700000 1935.200000 1930.700000 1926.500000 1922.200000 1918.400000 1914.900000 1910.800000 1906.500000 1902.300000 1898.900000 1895.700000 1892.300000 1888.800000 1885.100000 1881.500000 1878.100000 1874.700000 1871.600000 1868.100000 1864.000000 1860.600000 1857.600000 1854.800000 1852.000000 1849.200000
2084.800000 2079.500000 2074.900000 2068.400000 2064.300000 2058.700000 2054.400000 2049.400000 2042.700000 2036.500000 2033.700000 2028.000000 2021.800000 2017.700000 2012.300000 2007.300000 2001.600000 1996.100000 1991.600000 1985.600000 1980.600000 1975.200000 1969.700000 1964.900000 1959.400000 1954.000000 1949.000000 1943.600000 1938.500000 1933.600000 1929.000000 1924.400000 1920.500000 1916.100000 1912.000000 1907.700000 1903.600000 1899.500000 1896.400000 1893.500000 1890.200000 1885.600000 1881.700000 1878.000000 1874.400000 1870.800000 1867.400000 1864.500000 1861.500000 1858.300000 1855.600000 1852.700000 1850.000000 1847.300000
2084.900000 2077.700000 2073.000000 2067.700000 2063.100000 2057.500000 2053.500000 2048.300000 2042.400000 2037.500000 2032.900000 2027.700000 2021.700000 2017.500000 2013.400000 2008.300000 2003.500000 1998.800000 1994.000000 1989.000000 1983.100000 1977.000000 1971.200000 1965.400000 1959.200000 1953.600000 1947.700000 1942.600000 1937.900000 1933.100000 1928.300000 1923.000000 1918.400000 1914.100000 1909.800000 1905.500000 1901.600000 1897.600000 1894.400000 1891.900000 1889.500000 1885.000000 1879.900000 1876.200000 1872.700000 1868.800000 1865.400000 1862.400000 1859.100000 1855.900000 1853.100000 1850.200000 1848.100000 1845.400000
2084.900000 2077.900000 2072.600000 2067.300000 2062.200000 2056.400000 2052.300000 2047.900000 2042.900000 2037.600000 2032.200000 2027.800000 2021.300000 2017.000000 2013.500000 2009.200000 2004.100000 1998.800000 1992.600000 1987.000000 1982.000000 1976.900000 1972.000000 1966.600000 1960.700000 1953.900000 1947.300000 1942.500000 1936.900000 1931.700000 1927.500000 1922.600000 1917.500000 1912.900000 1908.600000 1904.500000 1900.100000 1896.100000 1892.300000 1888.800000 1885.500000 1882.200000 1878.500000 1874.000000 1870.300000 1866.800000 1863.600000 1860.800000 1857.400000 1854.200000 1851.100000 1848.400000 1845.600000 1843.400000
2081.600000 2075.300000 2069.700000 2065.300000 2060.900000 2056.300000 2052.200000 2048.900000 2045.200000 2040.600000 2034.200000 2025.500000 2019.800000 2014.900000 2011.300000 2006.100000 2001.300000 1996.200000 1990.400000 1984.400000 1979.300000 1973.800000 1968.700000 1963.500000 1959.600000 1954.100000 1947.900000 1943.000000 1938.400000 1932.900000 1927.900000 1922.600000 1917.400000 1913.500000 1907.800000 1903.300000 1899.900000 1895.400000 1891.200000 1887.000000 1883.400000 1879.900000 1876.000000 1872.100000 1868.300000 1864.700000 1861.700000 1858.200000 1854.900000 1851.800000 1849.000000 1846.500000 1844.000000 1841.500000
2081.800000 2074.700000 2070.000000 2064.500000 2060.300000 2054.400000 2050.400000 2047.000000 2043.400000 2038.200000 2032.800000 2023.800000 2018.100000 2014.100000 2010.500000 2005.900000 2000.300000 1994.900000 1989.800000 1984.000000 1977.500000 1972.300000 1966.900000 1961.500000 1957.000000 1951.800000 1946.300000 1940.900000 1935.100000 1930.100000 1925.600000 1920.800000 1916.200000 1911.600000 1907.900000 1903.900000 1898.700000 1894.400000 1890.200000 1885.900000 1882.200000 1879.200000 1874.700000 1870.800000 1867.500000 1864.100000 1861.000000 1857.500000 1854.100000 1850.800000 1848.000000 1845.200000 1842.900000 1840.400000
2078.000000 2072.600000 2067.300000 2062.300000 2057.300000 2051.600000 2046.600000 2043.800000 2040.800000 2035.200000 2030.200000 2024.300000 2018.200000 2012.400000 2008.700000 2006.000000 2000.700000 1995.600000 1989.600000 1983.600000 1977.900000 1972.700000 1966.900000 1962.300000 1957.500000 1951.000000 1945.900000 1940.600000 1934.500000 1930.700000 1925.500000 1919.300000 1914.000000 1910.100000 1906.200000 1902.100000 1896.400000 1892.200000 1888.300000 1883.900000 1881.100000 1878.700000 1875.800000 1871.400000 1868.000000 1865.500000 1861.800000 1857.600000 1853.800000 1850.300000 1847.400000 1844.700000 1842.300000 1841.000000
2076.500000 2070.700000 2065.400000 2060.300000 2055.800000 2050.100000 2044.100000 2039.900000 2037.600000 2033.300000 2029.400000 2023.000000 2017.300000 2010.700000 2005.300000 2001.900000 1998.200000 1993.400000 1989.400000 1986.600000 1981.100000 1975.500000 1969.300000 1962.600000 1959.100000 1953.500000 1948.100000 1941.300000 1935.200000 1929.600000 1925.100000 1919.500000 1912.900000 1908.800000 1904.600000 1899.500000 1895.000000 1890.200000 1885.600000 1881.900000 1878.700000 1876.900000 1875.000000 1872.800000 1870.200000 1867.600000 1862.900000 1858.700000 1856.600000 1854.100000 1849.800000 1844.900000 1841.600000 1838.700000
2072.200000 2067.500000 2063.100000 2058.200000 2053.800000 2048.100000 2042.100000 2036.900000 2032.800000 2029.200000 2025.200000 2019.100000 2014.400000 2009.400000 2002.400000 1998.000000 1994.700000 1990.500000 1987.000000 1984.300000 1978.900000 1974.300000 1972.500000 1967.600000 1962.200000 1956.700000 1950.300000 1944.600000 1938.200000 1932.000000 1925.500000 1919.700000 1914.300000 1908.900000 1904.000000 1898.800000 1893.500000 1889.500000 1885.900000 1880.800000 1876.500000 1874.300000 1872.600000 1872.000000 1870.300000 1866.000000 1862.400000 1859.100000 1856.200000 1854.200000 1849.400000 1845.300000 1841.700000 1839.200000
2068.600000 2063.800000 2059.300000 2054.800000 2050.400000 2045.200000 2040.300000 2034.900000 2029.500000 2025.000000 2020.900000 2016.400000 2010.200000 2005.900000 2000.000000 1994.900000 1989.800000 1986.800000 1984.200000 1981.300000 1977.900000 1973.900000 1969.100000 1969.100000 1966.800000 1961.200000 1954.800000 1946.700000 1940.600000 1934.500000 1927.500000 1921.500000 1916.600000 1910.900000 1904.400000 1898.400000 1893.500000 1888.700000 1884.700000 1879.700000 1876.500000 1872.100000 1870.400000 1868.800000 1867.000000 1863.800000 1859.900000 1857.300000 1854.500000 1850.300000 1846.900000 1844.200000 1841.000000 1837.900000
2064.900000 2060.700000 2056.100000 2051.000000 2046.300000 2041.500000 2037.100000 2032.200000 2027.200000 2022.100000 2017.200000 2012.200000 2008.300000 2002.400000 1997.000000 1992.200000 1987.300000 1984.000000 1980.900000 1979.000000 1976.400000 1973.300000 1970.800000 1967.700000 1966.700000 1963.500000 1957.100000 1950.900000 1943.900000 1935.600000 1928.400000 1922.500000 1917.400000 1912.800000 1907.600000 1901.000000 1894.200000 1889.000000 1884.400000 1880.500000 1876.300000 1871.900000 1869.900000 1868.200000 1866.000000 1862.900000 1858.600000 1855.100000 1853.000000 1849.700000 1845.700000 1842.900000 1840.200000 1838.200000
2060.600000 2056.400000 2052.500000 2048.300000 2043.500000 2038.900000 2034.100000 2029.400000 2024.800000 2019.700000 2014.200000 2008.900000 2004.200000 1999.900000 1994.600000 1990.100000 1985.100000 1981.100000 1977.600000 1974.700000 1973.800000 1970.900000 1967.600000 1963.100000 1961.500000 1959.800000 1955.900000 1952.500000 1943.000000 1936.100000 1930.400000 1924.900000 1918.800000 1913.100000 1907.600000 1902.300000 1897.000000 1892.100000 1886.100000 1881.100000 1877.200000 1873.400000 1870.800000 1869.500000 1867.900000 1863.100000 1859.500000 1855.800000 1851.000000 1848.500000 1845.000000 1842.400000 1840.100000 1838.000000
2056.900000 2052.700000 2048.700000 2044.000000 2040.000000 2036.000000 2031.600000 2027.000000 2022.700000 2017.900000 2012.600000 2007.300000 2002.100000 1997.200000 1992.500000 1988.100000 1983.300000 1978.000000 1974.600000 1971.100000 1968.300000 1966.100000 1963.500000 1960.100000 1955.800000 1952.900000 1950.300000 1947.600000 1942.300000 1935.200000 1929.500000 1922.100000 1916.400000 1910.600000 1906.700000 1906.500000 1901.700000 1895.100000 1889.100000 1884.000000 1879.500000 1875.400000 1871.900000 1869.800000 1868.400000 1863.700000 1859.200000 1855.900000 1852.600000 1849.600000 1846.400000 1843.900000 1841.100000 1837.900000
2053.400000 2049.300000 2045.100000 2041.200000 2037.300000 2032.700000 2028.900000 2024.900000 2020.400000 2016.100000 2011.200000 2006.100000 2000.800000 1995.500000 1990.700000 1986.100000 1981.600000 1976.200000 1972.800000 1968.800000 1965.200000 1961.900000 1958.000000 1955.800000 1952.300000 1947.100000 1944.600000 1941.200000 1937.100000 1931.100000 1924.700000 1920.500000 1916.800000 1912.800000 1907.100000 1906.800000 1905.300000 1894.600000 1889.200000 1883.200000 1879.100000 1875.000000 1873.700000 1870.900000 1867.800000 1864.200000 1859.300000 1855.700000 1852.300000 1849.500000 1847.100000 1843.900000 1840.300000 1837.500000
