data/2006/output_2006_000000016000_Morphology.asc
ncols		517
nrows		378
xllcorner	499547.500000
yllcorner	4174982.500000
cellsize	10.000000
NODATA_value	0.000000
[rows 120 to 143 of 378, columns 162 to 215 of 517]
2743.600000 2740.100000 2737.600000 2734.200000 2729.200000 2724.200000 2719.200000 2715.900000 2712.100000 2708.000000 2705.500000 2701.400000 2698.700000 2696.200000 2690.900000 2684.100000 2679.000000 2675.500000 2671.000000 2666.100000 2662.800000 2660.800000 2657.800000 2654.800000 2650.600000 2645.600000 2643.300000 2640.200000 2635.000000 2630.500000 2626.900000 2622.200000 2618.000000 2615.600000 2610.700000 2606.600000 2601.700000 2597.900000 2592.400000 2587.000000 2583.500000 2579.800000 2575.800000 2571.000000 2567.300000 2563.800000 2560.000000 2556.400000 2551.800000 2547.600000 2543.000000 2538.100000 2532.800000 2526.900000
2742.000000 2737.600000 2734.900000 2732.600000 2728.600000 2721.900000 2716.300000 2712.200000 2709.400000 2707.400000 2703.500000 2699.200000 2697.000000 2694.600000 2691.800000 2687.400000 2680.900000 2675.400000 2671.200000 2666.600000 2663.000000 2659.200000 2656.900000 2654.900000 2651.900000 2648.200000 2644.600000 2640.700000 2635.700000 2631.300000 2628.000000 2624.600000 2619.900000 2615.700000 2612.400000 2607.600000 2602.500000 2597.400000 2593.300000 2589.100000 2584.800000 2580.200000 2575.900000 2572.100000 2567.800000 2564.600000 2559.400000 2554.800000 2551.000000 2545.100000 2540.700000 2536.000000 2532.100000 2527.500000
2741.000000 2737.200000 2733.200000 2730.400000 2724.800000 2720.000000 2715.500000 2712.100000 2709.300000 2705.300000 2702.300000 2699.600000 2696.000000 2693.100000 2690.100000 2688.300000 2684.600000 2679.100000 2673.400000 2669.000000 2664.900000 2661.700000 2659.500000 2657.400000 2653.000000 2648.400000 2644.700000 2640.900000 2636.600000 2632.700000 2629.100000 2624.900000 2620.700000 2615.400000 2610.800000 2607.000000 2602.200000 2598.500000 2595.300000 2592.200000 2585.300000 2579.100000 2574.500000 2571.100000 2568.400000 2563.600000 2557.600000 2552.500000 2548.600000 2544.300000 2539.100000 2534.400000 2530.200000 2526.400000
2739.800000 2736.900000 2732.900000 2728.200000 2723.600000 2718.900000 2713.700000 2709.600000 2706.700000 2702.700000 2700.400000 2697.200000 2693.200000 2690.300000 2688.600000 2687.300000 2684.100000 2680.400000 2677.000000 2671.900000 2667.600000 2664.300000 2661.300000 2658.200000 2655.200000 2650.400000 2645.700000 2640.900000 2637.100000 2633.600000 2628.700000 2624.400000 2620.600000 2615.500000 2611.000000 2605.500000 2601.300000 2598.500000 2595.200000 2592.100000 2587.700000 2582.100000 2577.500000 2573.100000 2567.400000 2562.600000 2558.100000 2552.000000 2546.700000 2542.200000 2537.300000 2533.400000 2529.000000 2524.500000
2738.000000 2734.400000 2732.200000 2728.300000 2723.900000 2718.700000 2714.000000 2708.800000 2704.500000 2701.600000 2699.700000 2697.000000 2693.100000 2688.900000 2685.200000 2683.100000 2680.900000 2678.600000 2676.700000 2672.300000 2669.500000 2666.500000 2661.400000 2658.800000 2657.400000 2652.700000 2647.900000 2644.100000 2639.400000 2633.800000 2628.900000 2624.100000 2619.700000 2615.200000 2610.600000 2606.400000 2603.000000 2598.200000 2594.400000 2591.100000 2587.800000 2584.300000 2579.700000 2573.600000 2567.400000 2562.600000 2558.000000 2551.500000 2545.600000 2539.900000 2535.300000 2531.300000 2527.600000 2523.900000
2738.600000 2733.700000 2730.200000 2727.000000 2723.000000 2718.500000 2713.300000 2708.900000 2705.000000 2701.100000 2698.400000 2695.600000 2691.900000 2688.400000 2683.800000 2681.200000 2678.500000 2676.400000 2674.300000 2671.900000 2669.200000 2666.500000 2664.200000 2661.800000 2659.300000 2653.400000 2647.700000 2644.200000 2641.400000 2636.300000 2630.900000 2625.700000 2622.000000 2618.100000 2613.400000 2608.200000 2603.700000 2599.800000 2595.100000 2590.700000 2587.600000 2583.700000 2579.000000 2573.300000 2567.400000 2562.400000 2557.300000 2552.400000 2547.500000 2541.300000 2536.000000 2531.600000 2527.700000 2523.400000
2739.800000 2735.200000 2731.000000 2725.800000 2720.700000 2716.400000 2712.300000 2707.800000 2704.600000 2701.300000 2698.200000 2695.900000 2692.100000 2688.200000 2685.100000 2681.200000 2677.800000 2675.800000 2673.400000 2670.500000 2667.800000 2664.700000 2662.100000 2658.500000 2655.300000 2652.000000 2647.200000 2643.400000 2639.600000 2635.700000 2631.900000 2628.200000 2624.300000 2619.700000 2614.100000 2609.100000 2604.000000 2600.100000 2595.700000 2591.800000 2587.500000 2583.700000 2579.100000 2573.700000 2567.600000 2562.800000 2557.300000 2552.400000 2547.700000 2543.600000 2538.600000 2532.300000 2527.200000 2521.900000
2742.000000 2738.300000 2733.900000 2727.400000 2722.100000 2716.900000 2712.700000 2707.400000 2704.600000 2701.500000 2698.400000 2695.600000 2692.100000 2689.900000 2686.800000 2682.900000 2678.900000 2675.900000 2673.100000 2669.800000 2666.400000 2663.100000 2659.900000 2656.500000 2652.600000 2650.100000 2646.400000 2642.100000 2638.700000 2636.200000 2631.900000 2627.800000 2623.500000 2619.500000 2614.100000 2609.500000 2604.200000 2599.500000 2595.500000 2591.800000 2587.700000 2584.300000 2580.300000 2574.500000 2569.700000 2565.700000 2560.300000 2555.400000 2549.900000 2543.800000 2538.300000 2532.300000 2527.100000 2521.800000
2741.000000 2737.100000 2732.700000 2728.200000 2724.000000 2720.500000 2716.200000 2711.900000 2706.900000 2703.600000 2701.300000 2697.100000 2692.400000 2689.700000 2687.100000 2683.200000 2678.900000 2675.400000 2672.300000 2668.900000 2665.000000 2661.200000 2658.400000 2655.600000 2652.600000 2649.600000 2646.500000 2642.800000 2638.800000 2634.800000 2630.800000 2626.300000 2621.700000 2617.800000 2614.000000 2608.500000 2603.500000 2599.100000 2595.000000 2591.100000 2586.700000 2582.400000 2578.800000 2574.600000 2569.400000 2564.800000 2560.300000 2555.600000 2550.400000 2543.500000 2537.900000 2532.200000 2527.100000 2521.400000
2741.900000 2736.900000 2732.400000 2727.900000 2723.800000 2719.700000 2715.400000 2711.800000 2708.500000 2704.900000 2702.100000 2697.200000 2692.700000 2689.500000 2686.100000 2682.300000 2678.900000 2675.300000 2671.800000 2668.100000 2664.600000 2661.200000 2658.400000 2656.000000 2652.800000 2649.900000 2646.700000 2643.200000 2639.400000 2634.500000 2629.600000 2625.600000 2621.500000 2616.500000 2611.200000 2607.300000 2603.800000 2599.000000 2593.900000 2589.700000 2585.400000 2581.300000 2576.900000 2572.900000 2569.000000 2565.200000 2558.900000 2552.900000 2547.900000 2542.500000 2536.300000 2530.100000 2524.200000 2520.600000
2740.400000 2736.700000 2732.100000 2726.900000 2721.300000 2716.200000 2712.400000 2709.600000 2707.200000 2703.600000 2699.600000 2695.700000 2691.300000 2688.000000 2685.800000 2682.700000 2678.600000 2675.000000 2670.800000 2667.100000 2663.900000 2660.100000 2657.300000 2655.400000 2653.700000 2649.300000 2645.000000 2641.100000 2637.300000 2633.800000 2629.900000 2624.800000 2620.500000 2615.800000 2610.900000 2605.700000 2601.600000 2597.700000 2593.500000 2589.600000 2585.300000 2581.400000 2576.100000 2571.100000 2566.700000 2562.700000 2557.600000 2552.000000 2547.200000 2540.000000 2534.300000 2528.800000 2523.200000 2517.800000
2742.354532 2737.925547 2730.800000 2726.400000 2722.875815 2717.969992 2711.786131 2711.134169 2705.100000 2702.400000 2699.200000 2694.500000 2691.600000 2688.500000 2685.300000 2681.800000 2676.600000 2672.200000 2668.500000 2664.300000 2661.500000 2658.700000 2655.600000 2652.800000 2650.200000 2647.300000 2642.800000 2637.600000 2632.700000 2629.900000 2626.800000 2622.800000 2618.500000 2614.700000 2610.600000 2605.100000 2600.700000 2596.100000 2591.300000 2587.700000 2584.100000 2580.300000 2576.600000 2571.500000 2565.700000 2560.500000 2555.400000 2550.200000 2545.300000 2540.600000 2534.000000 2528.500000 2522.300000 2516.600000
2742.430966 2738.644356 2734.422334 2730.706434 2724.888567 2720.274765 2714.182077 2711.630397 2704.600000 2701.800000 2697.700000 2693.800000 2689.600000 2686.600000 2683.900000 2680.900000 2676.100000 2671.300000 2666.000000 2662.200000 2658.600000 2655.200000 2653.900000 2651.400000 2647.900000 2644.300000 2641.200000 2637.800000 2630.800000 2625.600000 2623.800000 2620.100000 2615.400000 2610.600000 2605.100000 2600.400000 2596.400000 2593.100000 2589.600000 2585.300000 2581.600000 2577.700000 2573.800000 2570.400000 2565.200000 2559.000000 2553.600000 2548.400000 2542.900000 2537.500000 2532.400000 2527.600000 2521.900000 2516.500000
2737.894767 2736.831624 2731.395095 2728.978692 2720.736679 2718.344355 2717.258664 2712.305064 2708.540411 2704.962326 2699.990931 2696.409576 2693.611819 2690.201877 2687.746665 2679.000000 2676.100000 2672.000000 2666.500000 2661.800000 2657.600000 2653.800000 2649.900000 2648.900000 2646.000000 2641.400000 2637.900000 2634.800000 2630.600000 2624.900000 2619.200000 2615.600000 2611.300000 2606.400000 2601.600000 2597.200000 2592.200000 2588.200000 2585.600000 2582.400000 2579.000000 2575.200000 2571.200000 2568.000000 2563.900000 2558.200000 2552.700000 2545.700000 2540.400000 2535.700000 2530.200000 2525.400000 2520.500000 2516.200000
2741.121016 2733.564901 2733.408221 2730.062234 2725.187941 2715.984152 2710.926570 2707.269207 2703.615469 2702.319710 2696.229685 2692.548672 2689.005887 2685.650418 2687.834434 2683.403262 2680.580888 2676.933938 2669.857580 2663.600000 2659.800000 2655.000000 2651.100000 2646.900000 2643.500000 2638.900000 2635.000000 2631.700000 2629.500000 2623.100000 2617.800000 2612.800000 2609.000000 2603.600000 2599.000000 2594.100000 2589.300000 2585.100000 2581.100000 2579.300000 2576.300000 2572.700000 2569.300000 2565.100000 2561.400000 2557.000000 2551.200000 2545.000000 2539.300000 2534.700000 2529.400000 2523.500000 2518.600000 2514.000000
2734.635853 2734.297135 2728.787500 2724.904826 2721.628308 2719.790693 2716.348590 2712.979972 2709.284766 2706.388338 2700.430269 2697.083231 2693.670398 2689.674669 2681.521719 2679.030492 2676.664495 2677.461042 2672.193448 2666.852349 2662.488874 2656.844602 2651.800000 2646.400000 2641.900000 2637.300000 2633.100000 2629.800000 2625.400000 2621.300000 2616.400000 2611.000000 2606.300000 2601.500000 2597.100000 2592.900000 2588.400000 2584.200000 2579.900000 2574.900000 2571.200000 2567.200000 2566.000000 2563.400000 2558.700000 2554.400000 2550.000000 2545.700000 2539.300000 2534.000000 2528.000000 2522.700000 2518.200000 2513.600000
2733.038152 2729.425135 2726.397904 2722.943462 2719.716306 2717.308238 2715.585143 2711.008287 2709.657304 2705.497027 2701.318330 2697.125795 2692.762687 2688.236549 2684.892909 2682.788188 2677.414260 2671.795755 2672.734212 2666.260573 2659.270523 2657.319450 2650.900000 2645.800000 2641.700000 2638.000000 2632.900000 2627.600000 2623.300000 2619.100000 2614.500000 2609.700000 2604.900000 2600.600000 2596.200000 2591.700000 2586.700000 2582.600000 2577.500000 2572.300000 2568.100000 2563.900000 2561.100000 2559.200000 2556.000000 2552.500000 2548.200000 2543.900000 2539.100000 2533.900000 2528.800000 2524.000000 2517.200000 2511.200000
2732.836333 2729.444638 2726.420880 2722.939471 2719.648020 2716.094574 2712.806674 2708.645076 2705.642707 2702.566667 2698.659293 2694.430860 2689.724470 2685.487176 2682.168754 2680.969178 2676.172815 2673.739592 2666.864154 2666.902492 2661.304882 2655.694646 2648.300000 2645.200000 2641.300000 2637.400000 2633.200000 2628.900000 2622.500000 2616.682156 2615.877207 2612.686088 2608.363797 2603.935290 2599.624614 2594.209020 2587.682345 2583.177291 2575.648564 2570.174726 2565.200000 2561.200000 2557.500000 2554.200000 2552.100000 2549.300000 2545.400000 2542.300000 2537.100000 2532.000000 2528.100000 2521.300000 2515.600000 2509.100000
2732.791257 2729.548714 2726.500252 2722.805219 2718.995697 2715.518825 2712.296301 2708.596110 2705.176927 2699.807253 2698.746271 2693.327274 2688.878209 2685.065626 2680.383587 2677.398302 2673.707532 2669.085494 2665.916649 2664.176622 2661.769094 2656.635705 2648.600000 2645.100000 2641.800000 2637.500000 2632.600000 2628.429450 2625.779381 2619.172564 2615.522695 2610.882895 2606.456260 2601.686836 2596.662134 2591.337523 2587.259418 2582.216240 2576.271126 2570.878712 2564.221512 2560.388077 2553.715800 2550.100000 2547.000000 2545.300000 2541.200000 2538.300000 2534.600000 2529.800000 2524.600000 2519.700000 2515.200000 2509.200000
2733.640261 2730.280955 2727.520514 2725.955127 2723.026844 2715.753466 2710.863056 2707.521125 2703.792058 2700.377120 2697.706152 2693.127341 2688.701808 2684.598709 2680.370960 2676.174613 2671.474716 2669.216507 2664.454535 2660.707700 2657.377366 2657.543674 2652.459599 2647.747500 2644.042326 2640.961813 2636.628333 2629.241413 2622.358041 2618.358556 2613.955797 2609.236216 2604.828321 2600.332458 2595.757457 2589.628268 2583.339424 2576.929859 2571.041205 2565.074363 2560.556469 2559.446049 2554.098392 2549.434920 2542.700000 2539.800000 2536.900000 2534.500000 2530.700000 2525.900000 2521.000000 2516.300000 2512.300000 2506.600000
2731.619915 2728.013592 2724.884866 2722.233089 2721.543402 2718.248134 2714.037545 2709.006918 2705.232542 2701.537093 2697.580655 2693.485327 2689.621033 2685.676535 2681.555320 2677.196473 2673.080796 2668.989653 2665.194280 2661.552707 2658.397157 2654.908998 2650.983310 2644.192491 2640.508482 2636.736848 2632.210781 2627.741103 2623.194244 2618.738780 2614.262543 2609.511743 2604.652406 2599.731765 2595.003866 2589.457528 2584.299170 2576.919596 2570.040007 2563.874750 2558.792842 2554.245670 2549.714370 2547.735020 2542.354103 2537.090762 2531.200000 2528.100000 2525.000000 2521.200000 2517.700000 2513.500000 2508.200000 2502.600000
2731.552761 2728.887316 2724.866195 2721.718405 2717.975622 2713.939766 2710.631053 2706.183702 2701.915044 2698.199924 2694.618902 2690.955045 2687.205844 2683.239042 2679.189266 2675.126765 2671.099345 2667.037610 2663.109057 2659.739807 2655.853873 2654.981764 2651.851664 2647.933347 2644.379645 2637.521163 2633.142923 2631.211419 2625.888416 2621.869665 2620.652749 2615.219508 2608.576367 2602.015040 2596.594540 2591.029026 2584.972102 2578.076189 2572.408798 2566.789279 2559.764407 2551.517727 2547.055438 2542.135006 2537.319880 2534.850782 2530.608969 2524.575936 2518.918958 2514.800000 2511.100000 2507.000000 2503.400000 2497.700000
2732.976989 2731.639437 2726.360768 2720.977489 2718.646137 2714.609155 2710.210547 2706.412798 2702.917712 2698.944585 2695.204391 2691.592722 2687.679411 2683.575184 2679.687641 2675.820044 2671.939523 2668.012743 2664.012068 2659.967953 2656.013942 2652.775357 2648.726610 2645.898327 2645.072969 2640.164794 2634.098269 2632.378614 2627.907378 2623.772502 2620.473245 2610.100000 2604.100000 2598.500000 2596.912167 2590.224940 2584.494894 2578.209829 2571.860288 2566.030252 2561.075683 2554.366244 2544.447245 2539.721280 2535.080153 2531.051346 2525.254272 2523.077801 2518.977209 2512.483615 2507.525055 2501.400000 2496.800000 2492.700000
2731.954818 2728.159854 2724.341037 2720.924331 2717.554899 2715.009022 2711.165392 2707.378836 2702.837806 2698.913785 2695.575380 2691.349507 2687.273603 2683.363097 2679.426681 2675.534834 2671.538201 2667.457902 2663.241649 2658.739193 2654.701672 2650.671070 2647.462047 2644.549255 2641.683564 2638.273850 2633.964339 2628.455396 2623.777434 2621.646598 2614.763016 2609.234137 2603.164959 2597.117638 2592.600000 2586.600000 2584.682448 2578.780073 2571.694107 2566.034889 2558.038282 2549.992500 2544.279966 2539.606819 2532.770311 2529.451951 2523.212128 2518.868946 2514.093557 2511.782088 2507.631391 2499.902051 2494.632617 2486.800000
