data/2006/output_2006_000000016000_Morphology.asc
ncols		517
nrows		378
xllcorner	499547.500000
yllcorner	4174982.500000
cellsize	10.000000
NODATA_value	0.000000
[rows 288 to 311 of 378, columns 216 to 269 of 517]
2253.300000 2249.600000 2245.300000 2241.800000 2240.100000 2235.100000 2227.600000 2219.900000 2214.100000 2209.000000 2203.800000 2198.100000 2192.100000 2186.600000 2181.000000 2175.300000 2169.500000 2164.200000 2159.400000 2155.300000 2152.000000 2150.700000 2150.500000 2151.900000 2148.500000 2140.700000 2135.000000 2128.600000 2126.000000 2122.900000 2116.800000 2111.500000 2104.400000 2098.100000 2092.900000 2089.100000 2082.500000 2079.700000 2074.800000 2074.300000 2075.600000 2079.100000 2082.900000 2090.800000 2089.900000 2090.100000 2096.000000 2094.700000 2096.900000 2089.300000 2089.700000 2088.000000 2078.800000 2053.400000
2249.400000 2244.500000 2240.500000 2237.900000 2233.200000 2228.800000 2224.500000 2217.900000 2212.200000 2206.300000 2200.800000 2195.200000 2189.700000 2185.000000 2178.300000 2172.600000 2166.900000 2161.700000 2156.900000 2151.400000 2147.300000 2144.700000 2142.900000 2143.500000 2142.400000 2137.400000 2130.900000 2124.200000 2119.800000 2117.300000 2113.700000 2112.300000 2111.800000 2107.500000 2098.800000 2095.200000 2091.000000 2081.900000 2079.800000 2079.800000 2081.800000 2085.500000 2089.700000 2097.600000 2100.700000 2097.600000 2094.300000 2086.800000 2086.000000 2084.500000 2077.400000 2078.500000 2069.000000 2055.400000
2244.200000 2240.400000 2237.200000 2232.700000 2227.500000 2224.700000 2220.500000 2216.600000 2210.700000 2205.200000 2198.600000 2192.700000 2187.000000 2181.200000 2175.300000 2170.200000 2163.800000 2159.000000 2153.700000 2148.000000 2143.700000 2139.700000 2136.500000 2134.700000 2135.400000 2135.200000 2130.300000 2122.800000 2116.100000 2110.900000 2107.400000 2104.600000 2106.500000 2105.800000 2104.000000 2096.200000 2090.100000 2086.300000 2085.100000 2085.900000 2087.800000 2092.400000 2096.100000 2101.000000 2102.700000 2095.000000 2088.000000 2080.500000 2077.100000 2079.600000 2067.900000 2068.900000 2071.500000 2061.200000
2240.900000 2236.200000 2232.600000 2227.100000 2223.800000 2220.200000 2217.100000 2213.900000 2208.300000 2202.800000 2197.600000 2191.000000 2185.000000 2178.300000 2173.300000 2166.800000 2162.100000 2156.000000 2150.600000 2145.700000 2140.500000 2136.000000 2132.300000 2128.900000 2127.200000 2128.100000 2127.000000 2123.200000 2115.100000 2109.000000 2101.200000 2097.300000 2096.500000 2097.700000 2095.800000 2093.300000 2088.500000 2087.000000 2089.600000 2091.900000 2094.200000 2097.200000 2102.400000 2104.800000 2100.500000 2092.900000 2085.200000 2076.800000 2070.800000 2067.600000 2063.100000 2060.800000 2067.400000 2060.800000
2237.300000 2233.200000 2228.700000 2224.700000 2220.500000 2216.600000 2212.600000 2209.300000 2207.400000 2200.900000 2195.000000 2189.400000 2182.900000 2176.700000 2171.300000 2165.000000 2159.400000 2153.900000 2148.800000 2142.700000 2137.900000 2133.000000 2128.500000 2124.900000 2121.300000 2119.500000 2123.400000 2116.800000 2119.400000 2106.600000 2098.600000 2092.000000 2089.100000 2089.000000 2088.500000 2086.500000 2084.000000 2082.700000 2084.900000 2089.300000 2094.100000 2099.400000 2101.800000 2099.100000 2092.500000 2086.500000 2082.800000 2075.600000 2068.100000 2061.400000 2055.400000 2050.200000 2059.600000 2056.600000
2234.200000 2229.300000 2224.900000 2220.700000 2217.000000 2212.600000 2209.200000 2205.700000 2203.200000 2199.600000 2193.400000 2187.800000 2182.100000 2175.800000 2169.100000 2163.100000 2157.500000 2151.700000 2146.000000 2140.800000 2135.300000 2130.000000 2125.300000 2121.100000 2117.100000 2114.000000 2112.600000 2111.000000 2109.100000 2105.700000 2097.200000 2088.100000 2084.400000 2082.200000 2081.800000 2080.500000 2079.000000 2077.900000 2079.800000 2082.700000 2085.900000 2089.600000 2093.900000 2096.200000 2087.400000 2080.600000 2075.800000 2073.700000 2065.900000 2058.200000 2050.400000 2044.000000 2042.000000 2046.800000
2231.100000 2226.100000 2221.400000 2216.800000 2212.800000 2209.100000 2206.900000 2203.300000 2198.300000 2195.200000 2191.700000 2186.200000 2181.100000 2175.800000 2169.200000 2162.500000 2156.100000 2150.000000 2144.100000 2138.100000 2132.800000 2127.800000 2122.400000 2117.800000 2113.600000 2110.000000 2106.900000 2104.600000 2101.000000 2098.800000 2095.000000 2093.400000 2080.300000 2077.200000 2076.200000 2074.900000 2073.800000 2073.100000 2074.700000 2076.800000 2079.000000 2081.900000 2087.400000 2092.600000 2085.300000 2077.400000 2070.300000 2064.200000 2059.400000 2052.700000 2043.300000 2035.800000 2032.700000 2033.300000
2227.500000 2222.500000 2217.500000 2214.100000 2209.300000 2205.600000 2201.700000 2200.000000 2199.200000 2191.100000 2186.600000 2182.600000 2178.800000 2175.700000 2170.800000 2163.500000 2156.000000 2148.900000 2142.300000 2135.900000 2130.100000 2125.000000 2119.900000 2114.500000 2110.500000 2106.400000 2102.800000 2099.900000 2096.400000 2092.500000 2087.800000 2083.200000 2077.600000 2073.000000 2070.800000 2069.300000 2068.700000 2068.300000 2069.200000 2070.600000 2072.200000 2074.800000 2079.900000 2088.500000 2086.300000 2078.100000 2070.900000 2064.300000 2054.800000 2046.900000 2039.600000 2033.000000 2027.400000 2023.900000
2224.500000 2219.800000 2214.700000 2209.400000 2205.600000 2201.300000 2197.100000 2194.600000 2192.900000 2191.100000 2184.600000 2178.200000 2174.100000 2171.300000 2168.500000 2164.200000 2158.800000 2151.400000 2144.100000 2136.400000 2128.100000 2122.000000 2117.100000 2112.200000 2107.900000 2103.300000 2099.200000 2095.700000 2092.500000 2088.700000 2084.500000 2078.800000 2073.500000 2069.600000 2067.000000 2064.900000 2063.900000 2063.300000 2063.600000 2064.700000 2065.800000 2068.900000 2073.200000 2078.700000 2081.300000 2081.100000 2075.100000 2068.700000 2062.100000 2051.900000 2042.300000 2035.200000 2025.500000 2019.100000
2221.000000 2216.700000 2210.600000 2207.600000 2201.600000 2197.000000 2193.400000 2189.500000 2186.100000 2184.100000 2182.300000 2175.500000 2169.900000 2166.500000 2165.300000 2160.800000 2156.600000 2152.800000 2145.700000 2138.900000 2129.100000 2121.100000 2114.100000 2109.400000 2104.900000 2100.000000 2095.800000 2092.200000 2088.300000 2085.000000 2081.200000 2076.100000 2071.100000 2066.900000 2063.600000 2061.200000 2059.400000 2058.500000 2058.100000 2058.700000 2059.400000 2062.800000 2068.800000 2071.400000 2072.100000 2074.400000 2075.500000 2073.700000 2068.500000 2059.000000 2048.900000 2039.200000 2024.900000 2017.000000
2217.700000 2212.600000 2208.500000 2202.200000 2197.500000 2193.400000 2189.300000 2184.500000 2180.600000 2178.000000 2175.100000 2171.400000 2166.200000 2162.100000 2159.100000 2158.100000 2153.800000 2149.800000 2144.500000 2138.100000 2129.700000 2122.200000 2114.000000 2107.100000 2102.000000 2096.500000 2092.600000 2088.800000 2084.600000 2081.000000 2078.500000 2074.200000 2069.800000 2065.200000 2061.000000 2057.900000 2055.500000 2053.900000 2053.100000 2053.100000 2053.600000 2055.800000 2059.700000 2063.400000 2064.400000 2068.100000 2068.400000 2070.400000 2067.200000 2061.900000 2051.000000 2033.300000 2023.600000 2016.500000
2214.200000 2209.400000 2204.400000 2199.200000 2195.400000 2189.900000 2185.400000 2180.800000 2176.700000 2172.800000 2169.200000 2166.000000 2162.300000 2157.800000 2154.500000 2151.800000 2149.000000 2148.800000 2143.100000 2139.000000 2131.400000 2121.100000 2113.300000 2106.800000 2100.400000 2094.900000 2089.600000 2085.800000 2080.800000 2077.100000 2074.400000 2071.000000 2067.300000 2063.700000 2059.100000 2055.400000 2052.100000 2049.900000 2048.400000 2048.100000 2048.100000 2049.000000 2054.100000 2055.600000 2057.000000 2059.800000 2059.600000 2063.600000 2063.400000 2056.800000 2048.900000 2035.200000 2022.300000 2013.700000
2211.100000 2206.200000 2200.700000 2195.900000 2191.000000 2186.600000 2182.000000 2177.200000 2173.100000 2169.000000 2165.300000 2161.700000 2157.900000 2154.300000 2150.200000 2146.800000 2144.100000 2141.100000 2138.600000 2135.400000 2130.100000 2122.300000 2115.200000 2108.000000 2100.500000 2094.000000 2087.700000 2082.600000 2077.900000 2073.400000 2069.900000 2067.600000 2064.400000 2061.500000 2057.000000 2053.400000 2049.900000 2046.600000 2044.600000 2043.400000 2043.300000 2043.300000 2044.600000 2048.100000 2050.900000 2053.400000 2052.300000 2056.200000 2060.700000 2055.600000 2047.200000 2039.600000 2029.300000 2015.400000
2207.800000 2203.000000 2198.000000 2192.800000 2188.100000 2183.700000 2178.800000 2173.500000 2169.900000 2165.000000 2161.300000 2157.300000 2154.100000 2150.700000 2146.900000 2142.800000 2139.400000 2136.700000 2133.600000 2131.400000 2130.900000 2126.900000 2119.000000 2110.900000 2099.800000 2092.800000 2086.500000 2080.400000 2074.800000 2070.500000 2066.400000 2063.300000 2060.300000 2058.300000 2055.000000 2051.500000 2047.700000 2043.900000 2040.900000 2040.100000 2038.200000 2038.100000 2038.700000 2040.400000 2042.600000 2045.600000 2045.300000 2049.600000 2055.800000 2054.900000 2048.100000 2038.600000 2027.200000 2014.800000
2204.600000 2199.700000 2194.800000 2189.800000 2184.500000 2179.800000 2175.100000 2170.400000 2165.600000 2161.000000 2156.900000 2152.900000 2149.400000 2146.600000 2143.600000 2139.400000 2135.200000 2131.800000 2129.100000 2126.400000 2127.200000 2125.700000 2118.700000 2109.600000 2101.400000 2093.800000 2083.700000 2075.700000 2070.400000 2066.700000 2062.600000 2059.300000 2055.500000 2053.400000 2050.700000 2048.200000 2045.800000 2041.900000 2037.700000 2035.000000 2033.000000 2033.200000 2033.400000 2034.200000 2035.100000 2036.100000 2038.200000 2043.300000 2049.400000 2044.200000 2043.200000 2038.200000 2024.800000 2015.000000
2201.900000 2196.600000 2191.500000 2186.400000 2181.700000 2176.800000 2171.900000 2167.100000 2162.000000 2158.200000 2153.200000 2149.100000 2145.600000 2141.800000 2139.100000 2136.000000 2131.400000 2127.600000 2123.900000 2121.600000 2120.400000 2120.000000 2115.000000 2110.400000 2101.700000 2092.000000 2082.500000 2073.900000 2067.300000 2062.400000 2058.700000 2055.500000 2052.300000 2048.300000 2045.600000 2042.400000 2040.200000 2036.800000 2032.700000 2030.700000 2029.000000 2028.100000 2028.000000 2028.400000 2028.200000 2029.300000 2031.800000 2036.100000 2043.300000 2039.000000 2030.800000 2032.400000 2018.700000 2010.500000
2199.300000 2193.900000 2188.600000 2183.500000 2178.600000 2173.400000 2168.700000 2163.900000 2158.900000 2154.100000 2149.600000 2145.200000 2141.500000 2137.500000 2134.100000 2131.000000 2127.700000 2123.200000 2120.000000 2117.000000 2115.300000 2112.100000 2107.600000 2107.700000 2108.400000 2092.100000 2084.500000 2074.100000 2065.200000 2059.400000 2055.300000 2051.500000 2048.000000 2044.900000 2041.000000 2038.100000 2034.200000 2031.900000 2028.100000 2026.100000 2024.600000 2023.100000 2022.600000 2024.000000 2025.000000 2024.000000 2025.400000 2029.000000 2034.600000 2037.000000 2024.900000 2020.000000 2013.700000 2002.100000
2197.000000 2191.500000 2185.900000 2180.700000 2175.500000 2170.500000 2165.800000 2161.200000 2155.900000 2151.000000 2146.000000 2142.000000 2137.700000 2133.600000 2130.000000 2126.600000 2123.300000 2119.000000 2115.700000 2112.400000 2109.500000 2106.600000 2102.100000 2100.200000 2099.000000 2094.600000 2086.200000 2076.400000 2063.800000 2056.500000 2051.800000 2047.500000 2044.200000 2040.600000 2037.000000 2033.700000 2031.000000 2027.200000 2023.700000 2021.900000 2020.200000 2018.500000 2017.700000 2018.800000 2019.100000 2018.300000 2020.100000 2022.800000 2028.700000 2030.600000 2023.000000 2010.800000 2003.700000 2000.500000
2194.700000 2189.100000 2183.700000 2178.200000 2173.000000 2167.700000 2162.600000 2157.900000 2152.900000 2148.300000 2143.100000 2138.700000 2134.800000 2129.900000 2126.100000 2122.500000 2118.900000 2115.400000 2111.800000 2108.400000 2104.900000 2102.300000 2098.900000 2094.900000 2093.600000 2088.700000 2079.900000 2069.000000 2060.800000 2053.200000 2048.000000 2044.100000 2040.400000 2036.800000 2033.700000 2030.500000 2027.200000 2023.400000 2020.500000 2017.900000 2015.700000 2014.200000 2012.900000 2011.900000 2011.300000 2015.400000 2016.700000 2017.000000 2021.100000 2025.700000 2017.500000 2006.900000 1996.500000 1992.200000
2193.100000 2187.000000 2180.800000 2176.100000 2170.400000 2165.100000 2159.800000 2154.700000 2150.400000 2145.000000 2140.200000 2135.400000 2130.900000 2126.500000 2122.500000 2118.400000 2114.900000 2111.600000 2108.100000 2104.900000 2101.200000 2097.700000 2094.200000 2090.700000 2087.900000 2086.600000 2079.600000 2070.900000 2058.700000 2051.000000 2044.400000 2039.900000 2036.900000 2033.400000 2029.800000 2026.300000 2023.300000 2020.100000 2016.900000 2014.000000 2011.900000 2009.900000 2008.600000 2007.400000 2007.300000 2009.700000 2011.000000 2011.000000 2014.100000 2019.300000 2014.900000 2006.100000 1994.300000 1984.500000
2191.300000 2185.500000 2179.200000 2173.100000 2167.700000 2162.500000 2157.100000 2152.000000 2146.900000 2142.200000 2137.400000 2132.300000 2128.200000 2123.500000 2118.800000 2114.500000 2110.700000 2107.400000 2104.600000 2100.900000 2097.300000 2093.700000 2090.200000 2086.800000 2083.300000 2080.500000 2079.200000 2071.700000 2059.800000 2047.500000 2046.100000 2036.200000 2032.500000 2029.400000 2025.900000 2022.700000 2019.400000 2016.800000 2013.300000 2010.100000 2008.200000 2005.900000 2004.500000 2003.100000 2002.300000 2002.000000 2003.600000 2005.700000 2008.500000 2016.200000 2016.200000 2006.700000 1997.400000 1987.200000
2189.300000 2183.500000 2177.200000 2170.800000 2165.600000 2159.800000 2154.400000 2149.500000 2144.200000 2139.300000 2134.800000 2129.400000 2124.600000 2120.200000 2115.500000 2111.200000 2107.500000 2103.200000 2099.700000 2096.000000 2092.000000 2088.900000 2085.600000 2081.600000 2078.400000 2075.100000 2073.700000 2070.300000 2055.900000 2043.600000 2037.700000 2032.900000 2028.900000 2025.300000 2022.100000 2018.800000 2015.700000 2012.100000 2009.700000 2006.500000 2004.000000 2002.500000 2000.600000 1998.900000 1997.500000 1996.600000 1998.100000 1999.900000 2003.600000 2013.500000 2015.800000 2006.600000 1996.800000 1988.700000
2186.400000 2180.600000 2174.900000 2169.300000 2162.900000 2157.600000 2151.800000 2146.300000 2141.400000 2136.700000 2131.700000 2126.900000 2122.200000 2117.000000 2112.400000 2108.000000 2103.700000 2099.800000 2095.600000 2091.900000 2088.200000 2084.300000 2080.700000 2076.800000 2073.500000 2070.200000 2065.600000 2062.100000 2049.800000 2042.000000 2035.800000 2030.400000 2025.900000 2022.400000 2018.600000 2015.200000 2012.200000 2009.100000 2006.200000 2001.900000 2000.200000 1998.200000 1996.600000 1994.300000 1993.400000 1992.700000 1993.100000 1994.400000 1999.500000 2003.800000 2009.000000 2009.200000 1999.100000 1988.000000
2184.200000 2178.200000 2172.500000 2166.100000 2160.700000 2155.400000 2149.500000 2143.400000 2138.800000 2133.600000 2128.200000 2123.800000 2119.000000 2114.500000 2109.300000 2104.700000 2100.400000 2096.000000 2092.000000 2088.300000 2084.500000 2080.600000 2077.000000 2072.900000 2069.000000 2065.600000 2061.100000 2055.900000 2049.400000 2042.200000 2035.500000 2029.800000 2024.600000 2019.700000 2015.400000 2012.100000 2008.500000 2005.400000 2002.200000 1999.300000 1997.200000 1993.800000 1991.300000 1991.000000 1989.500000 1988.200000 1988.100000 1989.000000 1992.700000 1998.000000 2000.600000 2004.700000 2000.200000 1993.600000
