data/2006/output_2006_000000023000_SolidifiedLavaThickness.asc
ncols		517
nrows		378
xllcorner	499547.500000
yllcorner	4174982.500000
cellsize	10.000000
NODATA_value	0.000000
[rows 112 to 139 of 378, columns 63 to 125 of 517]
7.515308 7.515308 7.515308 7.515308 7.515308 7.515308 7.515308 7.515308 7.515308 7.515308 7.515308 7.515308 7.515308 7.515308 7.515308 7.515308 7.515308 7.515308 7.515308 7.515308 7.515308 7.515308 7.515309 7.515310 7.515314 7.515322 7.515338 7.515365 7.515403 7.515455 7.515528 7.515628 7.515756 7.515903 7.515980 7.515982 7.515918 7.515480 8.851154 8.829743 7.898876 7.898876 7.519495 7.897575 7.455801 7.382450 7.446414 7.341562 7.437644 7.349693 7.435475 7.435316 1.888350 0.000000 0.000000 0.000000 0.000000 0.000000 0.000000 0.000000 0.000000 0.000000 0.000000
7.515308 7.515308 7.515308 7.515308 7.515308 7.515308 7.515308 7.515308 7.515308 7.515308 7.515308 7.515308 7.515308 7.515308 7.515308 7.515308 7.515308 7.515308 7.515308 7.515308 7.515308 7.515308 7.515308 7.515310 7.515313 7.515320 7.515333 7.515354 7.515391 7.515443 7.515517 7.515619 7.515747 7.515881 7.515981 7.515982 7.515918 7.515480 7.514091 8.829743 7.897319 7.853818 7.897575 7.897575 7.423247 7.455801 7.446414 7.437644 7.335018 7.436089 7.435475 1.926107 0.944175 0.000000 0.000000 0.000000 0.000000 0.000000 0.000000 0.000000 0.000000 0.000000 0.000000
7.515308 7.515308 7.515308 7.515308 7.515308 7.515308 7.515308 7.515308 7.515308 7.515308 7.515308 7.515308 7.515308 7.515308 7.515308 7.515308 7.515308 7.515308 7.515308 7.515308 7.515308 7.515308 7.515308 7.515309 7.515312 7.515319 7.515331 7.515353 7.515389 7.515447 7.515524 7.515622 7.515746 7.515883 7.515978 7.515982 7.515920 7.515480 7.514091 8.829743 8.857061 7.897319 7.897319 7.493492 7.470119 7.455801 4.504198 7.436089 7.436089 7.436089 6.091778 6.091778 0.000000 0.000000 0.000000 0.000000 0.000000 0.000000 0.000000 0.000000 0.000000 0.000000 0.000000
7.515308 7.515308 7.515308 7.515308 7.515308 7.515308 7.515308 7.515308 7.515308 7.515308 7.515308 7.515308 7.515308 7.515308 7.515308 7.515308 7.515308 7.515308 7.515308 7.515308 7.515308 7.515308 7.515308 7.515310 7.515313 7.515320 7.515332 7.515354 7.515388 7.515438 7.515515 7.515616 7.515738 7.515873 7.515972 7.515982 7.515944 7.515464 7.514091 7.512208 8.653036 7.570673 7.504118 7.499399 7.569426 7.491638 7.393054 7.393054 6.319666 6.319666 6.319666 6.091778 0.000000 0.000000 0.000000 0.000000 5.594644 5.594644 5.594644 0.000000 0.000000 0.000000 0.000000
7.515308 7.515308 7.515308 7.515308 7.515308 7.515308 7.515308 7.515308 7.515308 7.515308 7.515308 7.515308 7.515308 7.515308 7.515308 7.515308 7.515308 7.515308 7.515308 7.515308 7.515308 7.515308 7.515308 7.515310 7.515313 7.515320 7.515333 7.515355 7.515388 7.515438 7.515510 7.515610 7.515737 7.515869 7.515969 7.515983 7.515946 7.515618 8.865738 7.512208 8.653036 7.506215 7.504118 7.629965 7.843664 7.641918 7.392007 7.393054 7.378371 7.378371 6.319666 6.102786 0.000000 0.729177 1.640649 6.669762 6.669762 6.669762 5.594644 0.000000 0.000000 0.000000 0.000000
7.515308 7.515308 7.515308 7.515308 7.515308 7.515308 7.515308 7.515308 7.515308 7.515308 7.515308 7.515308 7.515308 7.515308 7.515308 7.515308 7.515308 7.515308 7.515308 7.515308 7.515308 7.515308 7.515308 7.515310 7.515313 7.515321 7.515335 7.515358 7.515393 7.515445 7.515517 7.515614 7.515736 7.515875 7.515972 7.515984 7.515946 7.515688 8.865738 8.412840 7.510564 7.903770 7.733096 7.670358 7.629965 7.606433 7.392007 7.393054 7.392761 7.378371 7.362460 6.102786 0.000000 0.729177 6.928364 6.928364 6.928364 6.669762 5.594644 0.000000 0.000000 0.000000 0.000000
7.515308 7.515308 7.515308 7.515308 7.515308 7.515308 7.515308 7.515308 7.515308 7.515308 7.515308 7.515308 7.515308 7.515308 7.515308 7.515308 7.515308 7.515308 7.515308 7.515308 7.515308 7.515308 7.515309 7.515310 7.515315 7.515323 7.515339 7.515364 7.515402 7.515458 7.515534 7.515632 7.515752 7.515878 7.515978 7.515986 7.515946 7.515688 8.865725 7.513763 8.327013 7.506215 7.733096 7.629965 7.897941 7.606847 7.403976 7.403976 7.392761 7.378371 7.362460 7.341370 0.990538 7.083600 7.083600 7.083600 6.928364 6.669762 1.718401 0.000000 0.000000 0.000000 0.000000
7.515307 7.515308 7.515308 7.515308 7.515308 7.515308 7.515308 7.515308 7.515308 7.515308 7.515308 7.515308 7.515308 7.515308 7.515308 7.515308 7.515308 7.515308 7.515308 7.515308 7.515308 7.515308 7.515309 7.515312 7.515317 7.515327 7.515345 7.515374 7.515417 7.515478 7.515560 7.515664 7.515787 7.515903 7.515979 7.515986 8.967209 7.515689 7.514875 8.540515 8.446600 7.733096 7.502553 7.573745 7.606847 7.440552 7.440552 7.403976 7.392761 7.362460 7.362460 7.341370 7.307888 7.188687 7.188687 7.083600 6.928364 0.763734 0.763734 0.000000 0.000000 0.000000 0.000000
7.515307 7.515308 7.515308 7.515308 7.515308 7.515308 7.515308 7.515308 7.515308 7.515308 7.515308 7.515308 7.515308 7.515308 7.515308 7.515308 7.515308 7.515308 7.515308 7.515308 7.515308 7.515309 7.515311 7.515314 7.515322 7.515334 7.515356 7.515390 7.515440 7.515509 7.515601 7.515715 7.515840 7.515948 7.515989 7.515986 7.515929 8.805246 8.770079 7.514149 8.446600 7.573745 7.573745 7.497334 7.484974 7.464850 7.440552 7.403976 1.662203 7.341370 7.341370 7.341370 7.307888 7.257157 7.188687 7.083600 1.590081 0.000000 0.000000 0.000000 0.000000 0.000000 0.000000
7.515306 7.515307 7.515307 7.515308 7.515308 7.515308 7.515308 7.515308 7.515308 7.515308 7.515308 7.515308 7.515308 7.515308 7.515308 7.515308 7.515308 7.515308 7.515308 7.515309 7.515309 7.515311 7.515313 7.515318 7.515328 7.515346 7.515372 7.515414 7.515473 7.515555 7.515659 7.515783 7.515906 7.515990 7.515989 7.515986 7.515912 7.515686 7.515251 7.514149 8.446600 7.971621 7.484974 7.484974 7.484974 7.464850 7.440552 5.043847 5.134057 4.917680 7.307888 7.307888 7.307888 7.257157 7.188687 1.618137 1.618137 0.000000 0.000000 0.000000 0.000000 0.000000 0.000000
7.515304 7.515305 7.515306 7.515307 7.515307 7.515307 7.515308 7.515308 7.515308 7.515308 7.515308 7.515308 7.515308 7.515308 7.515309 7.515309 7.515309 7.515309 7.515310 7.515311 7.515313 7.515314 7.515318 7.515325 7.515338 7.515359 7.515396 7.515445 7.515520 7.515618 7.515741 7.515876 7.515980 7.515998 9.067718 9.004825 8.898582 7.515653 8.633099 8.475922 7.511560 7.971621 7.607211 7.464850 7.464850 7.464850 4.817155 4.827470 4.917601 7.162905 7.162905 7.257157 7.257157 7.257157 1.882471 0.000000 0.000000 0.000000 0.000000 0.000000 0.000000 0.000000 0.000000
7.515298 7.515301 7.515304 7.515305 7.515306 7.515307 7.515307 7.515307 7.515307 7.515308 7.515308 7.515308 7.515309 7.515309 7.515310 7.515310 7.515311 7.515312 7.515313 7.515315 7.515318 7.515323 7.515328 7.515338 7.515354 7.515380 7.515420 7.515492 7.515576 7.515701 7.515876 7.515988 7.516000 7.515998 7.515957 8.972405 8.906627 8.559001 7.515214 7.514171 8.231212 7.509364 7.607211 7.490870 4.817155 4.817155 4.817155 4.827470 7.163818 7.163818 7.162905 7.162905 7.112735 4.717832 0.941236 0.000000 0.000000 0.000000 0.000000 0.000000 0.000000 0.000000 0.000000
7.515288 7.515295 7.515299 7.515302 7.515304 7.515305 7.515306 7.515306 7.515307 7.515307 7.515308 7.515309 7.515310 7.515311 7.515312 7.515313 7.515315 7.515317 7.515319 7.515323 7.515328 7.515335 7.515348 7.515358 7.515381 7.515412 7.515463 7.515528 7.515652 7.515816 7.515993 9.232286 9.179361 7.515998 7.515853 7.514923 8.906627 8.345949 7.514171 8.345949 8.231212 7.607211 7.505364 7.490870 7.474662 0.721300 0.721300 7.178253 7.178253 7.162905 7.162905 7.162905 7.112735 6.985549 0.856376 0.000000 0.000000 0.000000 0.000000 0.000000 0.000000 0.000000 0.000000
7.515273 7.515285 7.515292 7.515296 7.515299 7.515302 7.515303 7.515305 7.515306 7.515307 7.515308 7.515310 7.515312 7.515314 7.515316 7.515318 7.515321 7.515325 7.515330 7.515336 7.515344 7.515355 7.515370 7.515395 7.515417 7.515455 7.515514 7.515599 7.515718 7.515881 7.516031 7.516131 9.176166 7.515750 7.515750 7.514919 8.906627 8.464825 8.251213 7.497640 8.189224 8.136850 7.490870 7.490870 7.474662 7.453305 1.622926 7.178253 7.162905 7.178253 7.163818 7.162905 7.112735 6.985549 6.802831 0.699842 0.699842 0.000000 0.000000 0.000000 0.000000 0.000000 0.000000
7.515254 7.515269 7.515279 7.515287 7.515292 7.515296 7.515300 7.515302 7.515305 7.515307 7.515309 7.515311 7.515315 7.515318 7.515322 7.515326 7.515332 7.515338 7.515346 7.515356 7.515368 7.515382 7.515403 7.515432 7.515478 7.515520 7.515582 7.515677 7.515785 7.515946 7.516100 7.516182 9.176166 8.947515 7.516671 8.888332 7.510549 8.464825 8.190702 8.189224 7.442807 8.136850 8.135225 7.870987 7.474662 7.453305 7.427522 7.381161 7.576867 7.213004 1.254969 6.985549 6.985549 6.985549 6.802831 6.523201 1.574645 0.000000 0.000000 0.000000 0.000000 0.000000 0.000000
7.515225 7.515247 7.515262 7.515274 7.515282 7.515289 7.515294 7.515299 7.515303 7.515306 7.515310 7.515313 7.515319 7.515324 7.515331 7.515338 7.515347 7.515357 7.515369 7.515383 7.515402 7.515425 7.515451 7.515485 7.515534 7.515606 7.515676 7.515764 7.515892 7.516065 7.516179 7.516174 7.516161 7.516581 8.884043 8.875714 8.464825 7.509794 8.190702 7.507400 8.136850 7.707640 8.131377 8.135067 7.453305 7.453305 7.427522 7.401511 7.373960 7.010097 1.865833 0.632931 6.802831 6.802831 6.802831 6.523201 6.002054 0.000000 0.000000 0.000000 0.000000 0.000000 0.000000
7.515187 7.515217 7.515239 7.515256 7.515268 7.515278 7.515287 7.515294 7.515300 7.515305 7.515311 7.515317 7.515325 7.515333 7.515342 7.515354 7.515367 7.515381 7.515400 7.515423 7.515451 7.515483 7.515520 7.515558 7.515611 7.515689 7.515791 7.515891 7.515997 7.516111 9.194772 9.140434 7.516161 7.516268 8.884043 8.938339 8.190702 8.190702 7.508919 8.089845 8.135225 8.135225 8.135225 7.870987 7.427522 7.427522 7.427522 7.401511 7.373960 5.339014 5.339013 0.632931 0.699842 6.523201 6.523201 6.523201 6.002054 0.000000 0.000000 0.000000 0.000000 0.000000 0.000000
7.515138 7.515178 7.515208 7.515232 7.515250 7.515265 7.515277 7.515287 7.515296 7.515305 7.515312 7.515322 7.515333 7.515345 7.515358 7.515374 7.515394 7.515416 7.515443 7.515476 7.515515 7.515566 7.515616 7.515670 7.515711 7.515765 7.515920 7.516033 7.516130 7.516219 7.516271 7.516464 8.917047 7.516504 7.516565 8.631479 8.308552 8.308116 7.956771 7.507400 7.724948 7.498086 4.617077 7.414196 7.414196 7.414196 7.401511 7.401511 5.813463 5.740238 5.341373 0.632931 0.699842 1.574645 6.002054 6.002054 6.002054 0.000000 0.000000 0.000000 0.000000 0.000000 0.000000
7.515073 7.515130 7.515170 7.515203 7.515227 7.515248 7.515265 7.515279 7.515293 7.515305 7.515315 7.515329 7.515345 7.515362 7.515381 7.515403 7.515429 7.515460 7.515496 7.515545 7.515605 7.515681 7.515770 7.515842 7.515915 7.515887 7.515961 9.239805 7.516468 7.516450 7.516416 7.516464 7.516517 7.516928 8.762457 7.516655 7.868589 8.308116 7.724948 7.724948 7.505064 7.498086 7.482938 7.440923 7.440923 7.414196 7.383642 5.813463 5.791337 5.740238 5.341373 0.000000 0.000000 0.000000 0.000000 0.000000 0.000000 0.000000 0.000000 0.000000 0.000000 0.000000 0.000000
7.515003 7.515077 7.515129 7.515171 7.515200 7.515228 7.515251 7.515272 7.515291 7.515309 7.515325 7.515343 7.515365 7.515388 7.515414 7.515444 7.515480 7.515521 7.515572 7.515640 7.515726 7.515856 7.516097 7.516339 7.516149 7.516090 7.516100 7.516238 9.110035 9.110035 9.069947 7.516464 8.911209 7.517107 8.729112 8.500489 7.709196 8.308116 7.816233 7.583002 7.498086 7.498086 7.482938 7.462510 7.440923 7.414196 7.383642 7.343378 5.740238 5.740238 5.198955 0.000000 0.000000 0.000000 0.000000 0.000000 0.000000 0.000000 0.000000 0.000000 0.000000 0.000000 0.000000
7.515006 7.515036 7.515084 7.515138 7.515176 7.515211 7.515242 7.515274 7.515304 7.515329 7.515342 7.515372 7.515401 7.515434 7.515470 7.515511 7.515560 7.515616 7.515692 7.515780 7.515916 7.516154 7.516793 9.346053 9.312827 7.516314 7.516311 7.516351 7.516535 9.154347 8.823153 7.517113 7.517113 7.517107 8.682009 8.239047 8.245048 7.437089 7.437089 7.583002 7.482938 7.482938 7.482938 7.462510 7.440923 7.383642 7.383642 7.343378 7.292417 5.198955 5.198955 0.000000 0.000000 0.000000 0.000000 0.000000 0.000000 0.000000 0.000000 0.000000 0.000000 0.000000 0.000000
7.515600 7.515263 7.515168 7.515203 7.515227 7.515262 7.515288 7.515321 7.515356 7.515381 7.515408 7.515439 7.515483 7.515528 7.515580 7.515637 7.515706 7.515787 7.515894 7.516036 7.516263 7.516709 7.517786 9.318631 7.519781 7.519431 7.516742 7.516584 7.516661 7.517147 8.805437 8.780360 8.780360 8.690176 7.516271 8.239047 8.050623 7.877433 7.877433 7.437089 7.438084 7.462510 7.462510 7.462510 7.092187 7.343378 7.343378 7.343378 7.292417 7.225640 0.786755 0.786755 0.000000 0.000000 0.000000 0.000000 0.000000 0.000000 0.000000 0.000000 0.000000 0.000000 0.000000
7.517158 7.516248 7.515572 7.515456 7.515422 7.515447 7.515434 7.515456 7.515497 7.515514 7.515598 7.515613 7.515666 7.515750 7.515823 7.515909 7.516003 7.516120 7.516277 7.516486 7.516814 7.517524 7.518999 9.268816 7.812825 9.032550 7.519335 7.518057 7.517687 7.517425 8.805437 8.400670 8.186546 8.239047 8.239047 7.511477 8.050623 7.876100 7.877433 7.438084 7.437089 7.437071 7.429291 7.092187 7.092187 7.050827 7.292417 7.292417 7.292417 7.225640 7.133393 1.770198 0.000000 0.000000 0.000000 0.000000 0.000000 0.000000 0.000000 0.000000 0.000000 0.000000 0.000000
7.522365 7.520920 7.516761 7.515993 7.515887 7.515884 7.515784 7.515775 7.515807 7.515890 7.516044 7.516063 7.516091 7.516204 7.516382 7.516476 7.516598 7.516769 7.516963 7.517205 7.517586 7.518479 7.520159 9.197169 9.015915 9.015915 8.888373 7.519379 7.519034 7.518882 7.518031 7.518672 7.518918 8.141054 8.050623 8.050623 7.506371 7.877765 7.877433 7.555406 7.555406 7.437071 7.429291 7.384667 7.050827 7.050827 1.915373 7.225640 7.225640 7.225640 7.133393 6.995718 0.812063 0.812063 0.000000 0.000000 0.000000 0.000000 0.000000 0.000000 0.000000 0.000000 0.000000
7.586434 9.169649 7.518803 7.516764 7.516535 7.516631 7.516526 7.516562 7.516632 7.516784 7.516771 7.516989 7.517141 7.517225 7.517338 7.517554 7.517762 7.517906 7.518103 7.518360 7.518753 7.519657 7.521081 9.126324 8.666766 8.803517 8.031249 8.808753 8.808753 8.738241 7.518918 8.400670 7.518918 8.141054 7.877434 7.862836 7.877765 7.507469 7.711463 7.572480 7.555406 7.429291 7.429291 7.384667 7.334823 6.851826 0.843709 0.786755 7.133393 7.133393 7.133393 6.995718 6.765769 1.827142 0.000000 0.000000 0.000000 0.000000 0.000000 0.000000 0.000000 0.000000 0.000000
9.147142 9.147142 7.518162 7.517706 7.517672 7.518152 7.518094 7.518614 7.518490 7.518260 7.518105 7.518069 9.184167 7.518466 7.518928 7.519344 7.519744 7.519729 7.520098 7.520197 7.520648 7.520897 7.521361 9.056602 8.230516 8.803517 8.803517 8.461605 8.802409 7.518920 8.219468 7.518920 8.150129 7.517629 7.877434 7.877434 7.877434 7.711463 7.510008 7.572480 7.555406 7.384667 7.384667 7.384667 7.334823 7.277381 1.687419 0.786755 1.770198 6.995718 6.995718 6.995718 6.765769 6.304446 0.000000 0.000000 0.000000 0.000000 0.000000 0.000000 0.000000 0.000000 0.000000
8.610272 7.519047 7.519246 7.519070 9.067114 7.520452 7.524925 7.527490 7.523263 7.520553 7.519599 7.520117 7.520613 7.522004 7.521270 7.521935 7.521989 7.522850 7.523506 7.522797 7.522130 9.022317 7.523045 7.522675 8.667035 8.666766 8.802409 8.802409 8.802409 7.518767 8.150129 8.150129 8.150129 7.828970 7.515356 7.618732 7.540355 7.512860 7.572480 7.512860 7.540355 2.122952 7.334823 7.334823 7.334823 7.277381 7.209003 6.094168 6.094168 0.812063 6.765769 6.765769 6.765769 6.304446 0.000000 0.000000 0.000000 0.000000 0.000000 0.000000 0.000000 0.000000 0.000000
7.519693 8.847587 8.877358 8.877358 7.520474 9.065431 9.087975 9.087975 9.087975 7.523293 7.521900 7.521391 9.062244 7.523141 9.062244 7.524838 7.524019 7.524931 9.032513 9.032513 7.524841 7.525405 8.859386 8.859386 7.523547 8.373747 7.994028 8.118822 7.832026 7.832026 7.517930 7.651142 7.506268 7.618732 7.618732 7.513789 7.540355 7.540355 7.511849 7.540355 7.540355 2.122952 2.121312 7.277381 7.277381 7.277381 7.209003 7.125145 6.094168 0.812063 1.827142 6.304446 6.304446 6.304446 0.000000 0.000000 0.000000 0.000000 0.000000 0.000000 0.000000 0.000000 0.000000
