data/2006/output_2006_000000016000_Morphology.asc
ncols		517
nrows		378
xllcorner	499547.500000
yllcorner	4174982.500000
cellsize	10.000000
NODATA_value	0.000000
[rows 192 to 215 of 378, columns 162 to 215 of 517]
2648.900000 2644.800000 2639.900000 2636.300000 2631.200000 2627.600000 2624.800000 2621.100000 2616.300000 2611.700000 2611.000000 2606.400000 2603.700000 2597.900000 2595.000000 2590.300000 2585.900000 2583.300000 2579.500000 2573.300000 2566.900000 2560.500000 2556.100000 2550.400000 2544.200000 2538.300000 2532.900000 2527.600000 2521.700000 2516.300000 2511.000000 2504.000000 2497.200000 2490.600000 2484.000000 2477.500000 2470.200000 2463.400000 2456.800000 2449.900000 2442.300000 2434.800000 2427.800000 2420.500000 2413.300000 2407.100000 2400.800000 2394.400000 2388.800000 2383.100000 2375.900000 2370.600000 2365.700000 2360.400000
2644.900000 2642.100000 2637.500000 2633.000000 2627.600000 2623.200000 2621.700000 2617.600000 2613.600000 2607.900000 2606.200000 2603.400000 2598.800000 2594.600000 2590.400000 2587.600000 2583.400000 2579.800000 2576.700000 2573.300000 2565.400000 2558.000000 2552.800000 2547.900000 2544.500000 2538.500000 2531.700000 2525.500000 2519.800000 2514.600000 2509.600000 2504.500000 2497.100000 2490.100000 2483.500000 2476.500000 2470.400000 2462.900000 2456.500000 2449.900000 2442.100000 2434.900000 2427.700000 2420.400000 2412.500000 2405.400000 2398.800000 2392.600000 2385.600000 2380.100000 2374.400000 2369.300000 2366.000000 2360.500000
2641.500000 2638.700000 2636.500000 2631.400000 2624.800000 2620.000000 2618.000000 2612.700000 2608.400000 2604.400000 2601.400000 2599.400000 2595.000000 2590.100000 2586.600000 2583.500000 2580.100000 2574.800000 2572.800000 2568.800000 2563.800000 2559.200000 2552.200000 2544.900000 2540.700000 2535.800000 2529.500000 2523.400000 2517.600000 2512.300000 2507.600000 2501.500000 2496.700000 2489.900000 2483.400000 2476.300000 2469.700000 2462.900000 2455.400000 2447.900000 2439.600000 2433.800000 2427.000000 2419.500000 2412.400000 2405.400000 2399.200000 2393.300000 2386.500000 2380.000000 2374.100000 2368.400000 2363.800000 2358.500000
2638.400000 2634.300000 2631.200000 2627.900000 2623.400000 2617.400000 2613.900000 2610.100000 2604.300000 2599.400000 2595.100000 2594.300000 2592.300000 2586.400000 2582.500000 2578.300000 2575.800000 2572.200000 2567.400000 2563.500000 2560.600000 2556.700000 2551.400000 2544.600000 2539.900000 2534.000000 2528.200000 2521.600000 2514.400000 2508.600000 2504.100000 2499.500000 2492.500000 2486.000000 2479.800000 2472.600000 2466.700000 2459.900000 2453.600000 2447.300000 2438.800000 2431.400000 2424.800000 2418.700000 2412.000000 2405.300000 2398.100000 2391.300000 2384.600000 2378.900000 2373.900000 2369.900000 2364.600000 2358.700000
2637.500000 2632.300000 2628.100000 2623.700000 2618.500000 2615.100000 2609.600000 2607.300000 2601.700000 2595.500000 2591.300000 2587.900000 2587.000000 2583.500000 2577.200000 2573.800000 2572.100000 2568.500000 2565.100000 2558.600000 2554.200000 2552.500000 2548.100000 2542.300000 2538.000000 2532.600000 2526.800000 2520.600000 2514.600000 2509.200000 2503.000000 2496.500000 2490.100000 2483.000000 2475.900000 2469.300000 2462.600000 2456.600000 2450.200000 2443.600000 2437.200000 2429.700000 2423.000000 2416.600000 2410.300000 2404.700000 2398.700000 2391.600000 2384.700000 2378.200000 2371.900000 2366.200000 2361.000000 2356.000000
2635.400000 2629.800000 2624.600000 2621.000000 2615.800000 2610.500000 2606.200000 2603.300000 2598.000000 2592.200000 2586.300000 2581.700000 2580.000000 2579.500000 2574.100000 2568.700000 2566.200000 2563.900000 2561.800000 2558.600000 2552.400000 2546.800000 2542.600000 2539.100000 2532.800000 2527.800000 2523.700000 2518.300000 2512.200000 2506.000000 2501.100000 2494.600000 2487.700000 2481.100000 2474.400000 2467.600000 2460.300000 2453.100000 2446.500000 2440.500000 2434.300000 2427.800000 2420.900000 2414.000000 2407.100000 2400.900000 2395.600000 2389.600000 2384.200000 2377.500000 2370.200000 2365.400000 2360.600000 2354.400000
2630.500000 2627.000000 2622.000000 2616.800000 2612.600000 2607.200000 2602.700000 2599.900000 2594.400000 2587.900000 2582.200000 2577.400000 2573.400000 2574.500000 2571.800000 2565.900000 2562.000000 2558.100000 2556.200000 2554.700000 2548.100000 2543.800000 2537.400000 2532.900000 2530.300000 2524.600000 2518.400000 2513.900000 2509.400000 2503.800000 2496.600000 2490.800000 2485.400000 2479.200000 2472.200000 2465.000000 2457.200000 2450.600000 2444.000000 2437.400000 2431.100000 2424.100000 2417.500000 2410.200000 2404.100000 2398.100000 2391.800000 2385.200000 2379.500000 2375.300000 2369.900000 2362.500000 2356.300000 2351.600000
2627.900000 2623.200000 2618.000000 2613.600000 2610.300000 2605.700000 2599.900000 2595.800000 2591.200000 2586.500000 2579.800000 2574.900000 2570.200000 2568.400000 2567.700000 2564.000000 2557.500000 2554.900000 2551.300000 2550.000000 2544.100000 2538.000000 2533.100000 2527.500000 2524.200000 2522.200000 2517.200000 2510.700000 2505.100000 2500.700000 2495.400000 2489.200000 2482.500000 2475.900000 2469.300000 2463.200000 2456.400000 2449.100000 2441.400000 2434.700000 2428.200000 2421.700000 2415.000000 2407.700000 2401.200000 2394.600000 2388.700000 2382.600000 2376.900000 2370.400000 2365.900000 2361.800000 2355.000000 2348.800000
2625.300000 2620.700000 2614.700000 2608.700000 2605.600000 2602.400000 2597.300000 2592.200000 2587.900000 2582.600000 2578.000000 2572.500000 2569.000000 2563.900000 2562.800000 2559.100000 2555.000000 2550.600000 2547.300000 2545.300000 2541.200000 2534.400000 2528.300000 2524.300000 2518.900000 2516.300000 2514.700000 2510.500000 2504.300000 2497.600000 2491.700000 2485.800000 2479.600000 2473.100000 2466.600000 2460.100000 2453.400000 2446.200000 2439.100000 2432.200000 2425.100000 2418.000000 2411.500000 2405.500000 2399.100000 2392.700000 2385.900000 2379.100000 2373.100000 2367.800000 2362.200000 2357.500000 2353.500000 2347.200000
2622.300000 2617.000000 2610.600000 2605.700000 2601.800000 2597.700000 2593.200000 2587.700000 2583.600000 2580.000000 2575.500000 2570.200000 2565.800000 2561.800000 2558.700000 2556.100000 2550.700000 2546.900000 2544.100000 2540.400000 2537.800000 2532.900000 2527.900000 2522.000000 2514.900000 2512.000000 2509.000000 2505.800000 2502.300000 2497.800000 2491.300000 2483.400000 2476.400000 2470.300000 2464.800000 2458.000000 2452.100000 2445.600000 2438.300000 2430.600000 2422.700000 2415.300000 2408.100000 2402.000000 2396.100000 2389.700000 2383.500000 2376.800000 2369.700000 2363.500000 2358.900000 2354.500000 2349.700000 2345.300000
2616.600000 2612.400000 2607.300000 2603.000000 2598.100000 2593.600000 2588.700000 2585.100000 2579.400000 2574.400000 2571.100000 2566.900000 2560.600000 2556.900000 2554.400000 2551.800000 2546.700000 2541.900000 2538.900000 2535.500000 2533.100000 2528.900000 2524.400000 2520.000000 2515.800000 2510.500000 2504.900000 2501.600000 2497.200000 2492.700000 2489.700000 2483.900000 2476.300000 2469.300000 2462.500000 2455.400000 2449.300000 2443.100000 2437.100000 2430.900000 2423.400000 2415.200000 2407.400000 2400.400000 2393.700000 2386.800000 2380.700000 2374.300000 2367.300000 2360.800000 2354.200000 2349.900000 2347.500000 2342.400000
2611.000000 2607.600000 2603.500000 2601.800000 2594.800000 2589.200000 2584.800000 2581.300000 2576.200000 2570.900000 2566.200000 2562.100000 2557.800000 2552.200000 2550.700000 2548.000000 2544.600000 2538.700000 2533.300000 2531.000000 2528.200000 2525.200000 2518.900000 2517.700000 2514.300000 2510.700000 2506.000000 2499.300000 2492.900000 2488.100000 2483.700000 2480.400000 2475.700000 2469.500000 2461.700000 2454.100000 2447.100000 2440.100000 2433.500000 2427.500000 2421.000000 2414.000000 2407.700000 2400.800000 2393.200000 2386.200000 2379.100000 2371.900000 2364.900000 2358.200000 2352.200000 2345.800000 2341.900000 2338.300000
2605.700000 2601.700000 2599.100000 2596.000000 2592.500000 2587.500000 2581.800000 2577.200000 2572.500000 2567.400000 2562.800000 2558.300000 2554.100000 2549.900000 2545.100000 2543.600000 2540.300000 2535.800000 2531.200000 2526.500000 2523.100000 2521.000000 2516.400000 2511.200000 2510.200000 2506.500000 2503.700000 2499.200000 2492.300000 2484.600000 2479.700000 2474.100000 2470.000000 2466.800000 2461.300000 2453.000000 2445.600000 2438.300000 2431.400000 2424.500000 2417.600000 2410.900000 2404.900000 2398.300000 2393.100000 2385.900000 2379.400000 2373.200000 2366.100000 2359.300000 2353.100000 2347.000000 2339.300000 2332.700000
2602.400000 2598.100000 2594.200000 2590.700000 2587.500000 2585.000000 2580.600000 2574.700000 2570.000000 2565.100000 2560.300000 2555.600000 2551.200000 2547.100000 2542.500000 2537.800000 2536.500000 2533.600000 2528.000000 2524.200000 2519.800000 2517.100000 2513.100000 2507.600000 2503.800000 2501.600000 2497.900000 2493.900000 2489.500000 2484.100000 2477.600000 2469.800000 2464.400000 2460.400000 2457.700000 2452.100000 2445.300000 2437.000000 2429.900000 2422.900000 2416.100000 2409.100000 2402.300000 2395.600000 2389.800000 2384.200000 2377.700000 2371.500000 2365.600000 2358.500000 2352.100000 2346.600000 2340.200000 2333.300000
2599.500000 2595.000000 2590.700000 2586.600000 2583.400000 2580.700000 2577.800000 2573.300000 2568.600000 2564.400000 2558.600000 2553.500000 2549.000000 2544.300000 2540.100000 2534.800000 2531.500000 2529.700000 2526.700000 2521.600000 2517.300000 2513.400000 2510.800000 2504.000000 2499.400000 2496.300000 2493.000000 2488.000000 2483.900000 2480.200000 2474.700000 2469.700000 2461.400000 2455.300000 2450.900000 2446.600000 2442.600000 2435.800000 2428.200000 2421.100000 2413.900000 2407.300000 2400.600000 2393.700000 2386.700000 2379.700000 2373.800000 2368.400000 2362.400000 2357.000000 2350.800000 2344.600000 2338.200000 2332.100000
2597.000000 2592.200000 2588.000000 2583.700000 2579.800000 2576.300000 2573.800000 2570.100000 2566.200000 2563.200000 2558.800000 2552.900000 2547.200000 2542.400000 2538.000000 2533.100000 2528.300000 2525.000000 2523.500000 2520.200000 2515.400000 2510.300000 2505.300000 2501.400000 2495.000000 2491.800000 2486.200000 2481.500000 2477.800000 2473.900000 2470.200000 2465.900000 2460.100000 2452.700000 2446.100000 2441.400000 2436.900000 2432.500000 2426.600000 2419.900000 2413.100000 2405.500000 2398.400000 2391.300000 2384.700000 2378.100000 2371.600000 2364.700000 2358.200000 2352.200000 2347.200000 2342.300000 2336.600000 2331.000000
2595.700000 2590.600000 2585.700000 2581.200000 2577.200000 2573.000000 2569.600000 2566.700000 2565.200000 2560.000000 2555.100000 2549.800000 2545.000000 2539.900000 2535.900000 2532.400000 2527.600000 2522.400000 2519.400000 2518.000000 2513.600000 2508.400000 2502.500000 2498.100000 2493.500000 2488.300000 2483.000000 2476.900000 2472.000000 2467.400000 2464.200000 2459.800000 2455.900000 2451.500000 2444.400000 2437.800000 2432.500000 2427.600000 2422.800000 2416.900000 2411.000000 2404.800000 2398.200000 2390.800000 2383.400000 2376.100000 2369.200000 2362.800000 2356.500000 2349.700000 2343.400000 2337.500000 2331.600000 2326.700000
2594.200000 2588.800000 2583.500000 2578.900000 2574.900000 2570.600000 2566.300000 2562.800000 2560.800000 2557.300000 2551.500000 2548.300000 2543.100000 2538.800000 2533.800000 2528.600000 2523.400000 2519.700000 2515.600000 2513.500000 2511.100000 2504.800000 2500.300000 2494.100000 2490.200000 2485.500000 2480.900000 2475.200000 2470.000000 2465.200000 2458.700000 2454.800000 2449.800000 2445.000000 2440.600000 2434.700000 2429.300000 2423.600000 2417.900000 2412.400000 2407.800000 2401.300000 2394.600000 2389.300000 2382.700000 2375.100000 2367.400000 2360.500000 2353.800000 2347.300000 2341.100000 2334.700000 2329.300000 2323.300000
2593.200000 2587.500000 2582.500000 2576.900000 2572.100000 2568.800000 2564.800000 2559.300000 2556.000000 2551.700000 2548.700000 2544.200000 2540.300000 2536.200000 2532.600000 2528.000000 2521.700000 2517.600000 2511.500000 2507.600000 2505.700000 2502.200000 2496.600000 2492.300000 2486.300000 2481.000000 2478.100000 2472.400000 2467.800000 2462.800000 2457.100000 2451.300000 2446.100000 2440.400000 2435.100000 2429.800000 2424.800000 2418.600000 2413.200000 2407.300000 2402.300000 2397.400000 2391.300000 2385.500000 2379.400000 2373.700000 2366.500000 2359.000000 2351.800000 2344.900000 2338.100000 2331.800000 2326.100000 2321.000000
2592.300000 2586.800000 2581.200000 2575.500000 2570.100000 2565.300000 2560.900000 2556.600000 2552.100000 2548.400000 2544.900000 2540.300000 2536.600000 2532.400000 2528.000000 2525.900000 2519.900000 2514.700000 2511.000000 2505.800000 2500.100000 2498.100000 2493.400000 2488.300000 2483.700000 2478.600000 2473.000000 2468.900000 2464.200000 2460.300000 2454.600000 2448.400000 2443.100000 2437.600000 2431.500000 2425.700000 2419.600000 2414.100000 2409.200000 2403.100000 2397.300000 2392.100000 2387.300000 2382.000000 2375.200000 2369.400000 2363.600000 2358.700000 2351.600000 2344.200000 2336.900000 2329.400000 2323.000000 2317.300000
2592.800000 2586.400000 2581.000000 2574.400000 2569.200000 2563.700000 2558.700000 2553.900000 2549.200000 2544.900000 2540.900000 2537.400000 2532.600000 2529.400000 2525.500000 2521.700000 2518.600000 2513.700000 2507.800000 2503.200000 2497.600000 2492.300000 2490.400000 2485.200000 2480.900000 2474.200000 2468.900000 2464.400000 2460.500000 2456.800000 2452.300000 2447.100000 2440.500000 2434.800000 2429.400000 2423.700000 2417.100000 2410.000000 2404.300000 2400.200000 2394.300000 2387.500000 2382.200000 2376.500000 2372.000000 2366.400000 2361.100000 2354.400000 2348.800000 2344.300000 2337.800000 2331.000000 2324.000000 2316.900000
2592.700000 2586.400000 2580.300000 2575.000000 2569.200000 2563.600000 2557.800000 2552.500000 2547.400000 2542.700000 2538.400000 2533.900000 2529.500000 2526.200000 2522.100000 2518.400000 2513.600000 2509.500000 2506.100000 2501.300000 2495.000000 2489.600000 2483.900000 2481.100000 2478.100000 2473.800000 2468.400000 2461.300000 2455.800000 2450.500000 2447.200000 2443.700000 2437.700000 2432.900000 2426.400000 2420.900000 2415.100000 2408.900000 2402.200000 2395.300000 2389.700000 2385.100000 2379.100000 2373.200000 2367.400000 2363.000000 2358.200000 2353.100000 2347.400000 2343.100000 2336.800000 2329.900000 2323.000000 2316.200000
2593.900000 2587.500000 2582.300000 2576.900000 2570.500000 2564.200000 2558.200000 2552.100000 2547.200000 2541.400000 2536.700000 2531.900000 2527.300000 2522.900000 2518.200000 2513.500000 2509.800000 2506.700000 2501.800000 2497.700000 2492.700000 2487.100000 2481.200000 2474.700000 2471.300000 2468.500000 2465.600000 2459.700000 2452.700000 2447.500000 2442.000000 2437.800000 2434.100000 2429.700000 2425.000000 2418.300000 2412.000000 2406.700000 2400.000000 2393.400000 2386.800000 2380.100000 2375.200000 2370.100000 2364.400000 2359.600000 2353.400000 2349.300000 2345.000000 2339.700000 2334.700000 2328.500000 2321.300000 2314.700000
2594.100000 2588.500000 2583.800000 2577.900000 2571.700000 2565.700000 2559.600000 2553.800000 2547.400000 2541.600000 2536.500000 2531.100000 2525.800000 2521.100000 2516.100000 2511.400000 2506.800000 2502.300000 2498.600000 2494.200000 2491.100000 2486.200000 2479.800000 2473.500000 2466.400000 2461.900000 2459.100000 2456.300000 2450.500000 2444.300000 2439.500000 2434.600000 2428.700000 2423.500000 2420.200000 2415.500000 2408.600000 2402.200000 2397.400000 2390.700000 2383.600000 2376.500000 2370.100000 2365.400000 2360.300000 2355.900000 2350.800000 2345.200000 2340.300000 2336.100000 2331.000000 2324.800000 2318.600000 2311.800000
