data/2006/output_2006_000000016000_Morphology.asc
ncols		517
nrows		378
xllcorner	499547.500000
yllcorner	4174982.500000
cellsize	10.000000
NODATA_value	0.000000
[rows 24 to 47 of 378, columns 162 to 215 of 517]
2752.400000 2747.400000 2741.500000 2736.600000 2732.500000 2728.300000 2722.900000 2717.200000 2713.900000 2711.100000 2707.000000 2701.200000 2698.400000 2695.000000 2692.100000 2690.800000 2689.700000 2687.800000 2684.300000 2680.200000 2676.600000 2672.700000 2670.900000 2668.100000 2662.000000 2660.200000 2659.300000 2658.500000 2657.300000 2655.600000 2654.500000 2653.700000 2651.400000 2648.600000 2646.600000 2644.200000 2641.100000 2640.300000 2639.800000 2639.900000 2636.800000 2634.200000 2632.200000 2629.800000 2627.300000 2626.200000 2624.900000 2624.200000 2622.400000 2619.400000 2616.900000 2613.100000 2611.500000 2610.600000
2751.600000 2746.600000 2742.800000 2740.100000 2736.500000 2731.700000 2725.500000 2722.100000 2716.100000 2709.400000 2704.500000 2701.100000 2697.900000 2695.300000 2692.100000 2690.500000 2689.200000 2687.300000 2685.700000 2682.900000 2678.400000 2671.600000 2668.500000 2667.900000 2663.200000 2661.100000 2661.900000 2661.300000 2660.500000 2658.100000 2652.900000 2651.900000 2650.400000 2649.400000 2649.000000 2647.500000 2643.300000 2639.500000 2636.000000 2635.600000 2637.800000 2635.800000 2633.300000 2629.200000 2625.900000 2622.800000 2620.200000 2619.800000 2621.100000 2618.400000 2616.100000 2613.200000 2608.200000 2606.800000
2750.500000 2746.800000 2742.900000 2739.100000 2736.300000 2732.600000 2727.300000 2721.000000 2714.500000 2709.000000 2705.000000 2700.700000 2697.800000 2695.200000 2693.300000 2691.100000 2690.300000 2688.500000 2684.800000 2680.700000 2675.200000 2670.700000 2667.200000 2665.900000 2664.500000 2665.200000 2664.500000 2662.400000 2661.000000 2659.700000 2654.900000 2652.100000 2650.000000 2648.200000 2646.400000 2645.900000 2644.700000 2641.800000 2636.900000 2633.600000 2634.100000 2633.300000 2631.500000 2627.600000 2625.900000 2622.700000 2619.100000 2617.300000 2617.100000 2615.600000 2614.300000 2612.100000 2607.500000 2604.500000
2748.900000 2743.900000 2739.700000 2736.600000 2732.900000 2729.400000 2724.400000 2719.900000 2716.600000 2713.000000 2708.100000 2703.200000 2699.200000 2695.400000 2692.800000 2690.400000 2688.700000 2685.900000 2683.300000 2681.300000 2678.200000 2675.100000 2671.900000 2669.100000 2667.300000 2666.800000 2664.000000 2661.100000 2658.700000 2657.100000 2654.100000 2652.700000 2650.400000 2648.000000 2646.400000 2644.500000 2641.000000 2639.400000 2637.700000 2636.600000 2636.400000 2634.900000 2629.600000 2625.600000 2621.900000 2621.800000 2619.200000 2616.600000 2614.500000 2612.700000 2612.000000 2609.900000 2607.400000 2603.700000
2747.200000 2743.200000 2739.000000 2735.100000 2732.500000 2729.400000 2725.900000 2721.400000 2717.300000 2713.200000 2708.900000 2704.500000 2700.500000 2695.800000 2693.000000 2690.800000 2687.300000 2685.800000 2682.200000 2680.000000 2675.800000 2673.100000 2671.300000 2670.200000 2668.000000 2665.800000 2664.000000 2663.400000 2660.800000 2657.300000 2657.500000 2653.800000 2651.100000 2649.900000 2646.900000 2644.500000 2640.800000 2638.300000 2636.600000 2634.900000 2633.400000 2632.500000 2630.400000 2624.400000 2620.200000 2618.400000 2617.900000 2615.700000 2613.600000 2611.700000 2609.800000 2607.300000 2604.300000 2602.700000
2745.800000 2742.600000 2739.600000 2737.000000 2733.100000 2728.900000 2726.300000 2721.800000 2717.000000 2713.300000 2709.700000 2705.200000 2700.700000 2696.100000 2692.700000 2690.100000 2687.300000 2685.300000 2683.600000 2680.500000 2676.200000 2673.800000 2672.200000 2670.700000 2667.700000 2666.300000 2664.300000 2663.600000 2661.300000 2658.400000 2656.800000 2653.900000 2650.500000 2646.300000 2645.300000 2645.000000 2643.700000 2641.300000 2638.100000 2635.800000 2632.600000 2630.300000 2629.100000 2626.400000 2622.800000 2619.200000 2615.600000 2613.900000 2612.100000 2610.100000 2606.700000 2604.200000 2601.400000 2599.200000
2747.000000 2742.200000 2738.000000 2735.600000 2734.600000 2730.600000 2726.600000 2722.200000 2717.200000 2713.000000 2708.900000 2706.000000 2702.200000 2697.300000 2693.200000 2690.800000 2688.800000 2686.600000 2682.900000 2680.300000 2677.300000 2675.200000 2671.400000 2668.300000 2666.200000 2663.400000 2662.600000 2662.500000 2659.600000 2657.900000 2656.700000 2655.100000 2649.100000 2647.100000 2643.500000 2641.700000 2641.600000 2638.500000 2633.800000 2632.300000 2631.700000 2630.900000 2627.600000 2624.500000 2622.800000 2620.400000 2616.900000 2612.400000 2610.500000 2608.300000 2606.500000 2602.800000 2600.200000 2596.300000
2746.900000 2742.500000 2740.500000 2737.100000 2733.800000 2731.400000 2729.000000 2723.900000 2718.500000 2714.500000 2710.800000 2708.300000 2704.300000 2699.700000 2696.000000 2691.500000 2687.800000 2685.000000 2680.900000 2677.300000 2675.600000 2675.600000 2673.200000 2668.600000 2665.200000 2662.300000 2659.100000 2658.900000 2654.100000 2654.500000 2653.000000 2651.100000 2646.700000 2643.500000 2642.500000 2641.200000 2638.300000 2637.500000 2633.700000 2629.600000 2626.700000 2625.200000 2624.300000 2623.700000 2620.500000 2618.100000 2616.400000 2614.500000 2609.900000 2605.000000 2601.900000 2600.300000 2600.300000 2597.200000
2747.800000 2743.300000 2737.800000 2734.400000 2728.700000 2726.200000 2723.700000 2721.000000 2716.300000 2713.500000 2710.700000 2708.700000 2706.500000 2703.100000 2700.300000 2696.300000 2692.000000 2686.200000 2680.900000 2677.700000 2674.600000 2673.600000 2674.600000 2670.400000 2667.000000 2660.800000 2657.300000 2656.600000 2653.900000 2650.100000 2650.700000 2650.800000 2646.800000 2642.100000 2639.000000 2638.600000 2637.600000 2633.600000 2631.000000 2629.000000 2625.000000 2623.400000 2622.100000 2620.700000 2619.600000 2617.000000 2615.100000 2612.800000 2609.900000 2604.100000 2599.700000 2597.800000 2597.500000 2594.900000
2749.500000 2744.400000 2738.400000 2734.500000 2730.100000 2725.000000 2719.500000 2715.400000 2712.100000 2709.100000 2706.100000 2703.200000 2703.600000 2702.300000 2698.900000 2694.900000 2691.500000 2687.100000 2681.300000 2676.900000 2674.100000 2671.600000 2671.300000 2668.600000 2664.500000 2659.900000 2654.500000 2654.000000 2651.400000 2648.700000 2645.900000 2643.900000 2641.900000 2641.700000 2639.200000 2636.800000 2634.400000 2633.500000 2630.800000 2627.100000 2624.400000 2620.800000 2619.000000 2618.600000 2617.800000 2615.800000 2614.200000 2610.900000 2607.300000 2604.000000 2601.800000 2599.800000 2598.000000 2594.700000
2746.500000 2743.700000 2739.200000 2734.200000 2730.300000 2725.200000 2721.600000 2714.600000 2709.700000 2707.300000 2704.500000 2701.600000 2698.500000 2696.600000 2694.500000 2690.800000 2685.300000 2682.300000 2678.900000 2676.600000 2673.800000 2671.900000 2670.200000 2668.200000 2665.000000 2660.800000 2656.100000 2651.400000 2647.800000 2645.300000 2642.500000 2643.200000 2643.200000 2642.300000 2638.900000 2635.200000 2633.100000 2631.200000 2629.700000 2629.000000 2627.700000 2623.700000 2619.300000 2615.700000 2614.400000 2613.700000 2611.700000 2610.500000 2607.400000 2603.200000 2600.300000 2597.400000 2596.200000 2593.900000
2747.100000 2742.500000 2736.200000 2730.400000 2727.100000 2723.400000 2718.800000 2713.600000 2710.200000 2706.700000 2702.600000 2699.000000 2696.100000 2692.400000 2692.100000 2689.100000 2686.200000 2681.700000 2676.500000 2671.700000 2671.200000 2670.700000 2669.900000 2667.700000 2665.200000 2664.100000 2661.000000 2655.600000 2652.800000 2646.900000 2643.800000 2645.000000 2644.000000 2640.000000 2638.800000 2637.500000 2635.200000 2630.500000 2628.400000 2627.000000 2626.200000 2626.100000 2623.900000 2617.400000 2612.700000 2609.800000 2609.200000 2607.700000 2606.800000 2605.100000 2602.300000 2599.700000 2597.800000 2595.300000
2744.100000 2740.200000 2736.800000 2733.000000 2727.400000 2723.400000 2719.600000 2716.100000 2713.700000 2707.400000 2700.700000 2697.100000 2694.000000 2692.500000 2689.100000 2687.700000 2685.500000 2681.400000 2678.100000 2672.300000 2669.700000 2667.200000 2667.200000 2666.800000 2664.900000 2662.900000 2660.700000 2659.000000 2655.300000 2649.200000 2648.500000 2647.300000 2644.600000 2641.000000 2639.000000 2638.500000 2636.900000 2634.200000 2629.500000 2627.000000 2625.600000 2624.600000 2623.500000 2621.400000 2617.400000 2613.000000 2612.100000 2609.200000 2607.100000 2606.300000 2604.600000 2601.300000 2598.300000 2595.600000
2744.200000 2738.200000 2733.300000 2728.300000 2724.900000 2721.900000 2719.200000 2716.700000 2713.900000 2709.500000 2703.400000 2699.000000 2695.200000 2693.900000 2693.300000 2689.500000 2684.400000 2680.500000 2677.500000 2674.400000 2670.600000 2666.300000 2664.500000 2663.600000 2659.200000 2658.200000 2657.900000 2657.500000 2654.600000 2652.800000 2650.400000 2649.400000 2644.500000 2641.300000 2639.500000 2637.700000 2636.400000 2633.500000 2632.200000 2629.500000 2626.800000 2623.900000 2622.800000 2620.700000 2618.100000 2616.000000 2614.200000 2611.200000 2608.100000 2606.200000 2606.200000 2604.400000 2600.700000 2595.300000
2745.500000 2741.200000 2736.200000 2730.700000 2727.000000 2724.500000 2720.600000 2717.500000 2713.300000 2709.300000 2705.000000 2700.900000 2697.900000 2698.200000 2694.900000 2691.100000 2688.400000 2682.100000 2676.800000 2673.600000 2668.900000 2664.900000 2663.400000 2662.400000 2658.100000 2655.800000 2653.400000 2653.800000 2654.200000 2653.000000 2651.700000 2649.300000 2644.200000 2642.000000 2636.900000 2634.200000 2631.700000 2629.700000 2630.500000 2629.100000 2625.600000 2622.600000 2622.200000 2620.200000 2617.700000 2616.500000 2614.400000 2611.600000 2607.900000 2606.100000 2605.200000 2603.900000 2601.700000 2597.000000
2745.600000 2740.400000 2736.000000 2732.300000 2728.200000 2724.400000 2718.100000 2714.500000 2711.800000 2708.700000 2705.600000 2702.400000 2699.200000 2698.200000 2693.900000 2691.200000 2687.200000 2685.400000 2679.000000 2672.600000 2667.900000 2664.400000 2662.600000 2659.700000 2656.600000 2654.600000 2652.200000 2650.500000 2649.600000 2649.200000 2648.900000 2647.200000 2644.300000 2640.600000 2637.200000 2635.600000 2633.500000 2629.200000 2628.500000 2627.400000 2624.300000 2620.500000 2618.500000 2617.900000 2616.800000 2613.900000 2611.400000 2611.100000 2607.100000 2603.600000 2601.100000 2600.900000 2598.700000 2595.200000
2744.900000 2741.100000 2736.100000 2729.500000 2725.200000 2722.200000 2717.400000 2714.200000 2709.600000 2705.400000 2701.500000 2698.000000 2695.200000 2692.400000 2688.900000 2688.100000 2686.100000 2682.900000 2681.000000 2676.800000 2671.200000 2665.100000 2660.900000 2658.600000 2656.800000 2654.200000 2652.500000 2651.200000 2649.900000 2649.400000 2647.900000 2645.000000 2642.700000 2641.000000 2639.100000 2637.500000 2635.200000 2631.500000 2629.500000 2627.500000 2625.000000 2621.600000 2619.900000 2616.800000 2614.000000 2612.400000 2611.200000 2609.200000 2608.600000 2604.800000 2602.300000 2598.700000 2595.900000 2593.100000
2742.500000 2738.600000 2734.800000 2732.200000 2728.100000 2724.500000 2720.400000 2717.100000 2712.400000 2707.400000 2701.500000 2697.000000 2693.000000 2689.100000 2684.800000 2680.900000 2681.700000 2680.700000 2678.500000 2677.100000 2674.000000 2667.000000 2661.900000 2659.300000 2656.200000 2654.000000 2652.300000 2650.800000 2649.900000 2649.300000 2648.300000 2645.600000 2642.600000 2640.900000 2638.300000 2635.900000 2634.600000 2633.000000 2629.400000 2625.500000 2623.700000 2622.000000 2620.200000 2616.600000 2612.900000 2610.000000 2607.600000 2607.500000 2606.700000 2604.300000 2602.300000 2598.600000 2595.800000 2592.900000
2739.900000 2737.400000 2734.400000 2731.100000 2727.700000 2723.600000 2719.100000 2714.300000 2711.000000 2707.200000 2701.800000 2696.300000 2692.200000 2688.200000 2684.500000 2680.400000 2676.000000 2674.300000 2675.000000 2674.600000 2671.700000 2666.700000 2663.300000 2656.300000 2654.900000 2652.100000 2651.600000 2652.500000 2649.900000 2649.000000 2647.900000 2645.700000 2643.000000 2640.400000 2637.800000 2634.400000 2633.500000 2631.300000 2628.000000 2625.100000 2623.500000 2621.000000 2619.100000 2616.200000 2613.300000 2611.200000 2607.900000 2604.600000 2602.900000 2603.400000 2601.400000 2597.400000 2594.600000 2592.100000
2740.000000 2734.700000 2731.400000 2729.200000 2726.500000 2722.600000 2719.200000 2714.200000 2710.800000 2707.400000 2702.300000 2696.500000 2692.100000 2687.000000 2682.900000 2680.000000 2676.400000 2672.300000 2670.600000 2670.800000 2670.400000 2666.400000 2660.300000 2658.200000 2655.900000 2653.400000 2651.200000 2651.800000 2650.100000 2647.600000 2646.200000 2645.300000 2643.400000 2641.900000 2638.500000 2635.100000 2634.000000 2632.300000 2630.200000 2628.800000 2626.700000 2624.300000 2622.300000 2619.300000 2615.000000 2611.100000 2608.200000 2605.200000 2603.200000 2600.500000 2598.800000 2597.100000 2593.400000 2590.000000
2741.100000 2735.700000 2731.500000 2728.500000 2725.600000 2721.800000 2716.600000 2712.600000 2709.500000 2704.900000 2700.400000 2696.200000 2693.500000 2690.000000 2686.200000 2682.100000 2678.000000 2674.600000 2672.200000 2669.800000 2668.000000 2664.700000 2659.000000 2655.800000 2656.200000 2655.100000 2655.600000 2653.200000 2648.500000 2646.500000 2643.900000 2642.300000 2642.300000 2641.800000 2640.200000 2637.000000 2634.400000 2632.500000 2630.700000 2629.100000 2626.300000 2624.000000 2621.500000 2617.800000 2615.800000 2613.100000 2610.300000 2608.800000 2606.400000 2604.200000 2602.400000 2600.400000 2598.200000 2595.100000
2741.500000 2738.100000 2733.900000 2730.800000 2727.500000 2722.900000 2718.600000 2714.600000 2709.700000 2704.400000 2700.200000 2697.100000 2693.800000 2691.700000 2687.900000 2683.900000 2680.600000 2677.000000 2673.600000 2670.900000 2668.700000 2667.100000 2661.500000 2657.900000 2658.300000 2656.100000 2655.100000 2653.900000 2651.200000 2648.000000 2645.300000 2643.800000 2642.600000 2640.800000 2639.600000 2637.500000 2635.200000 2633.300000 2631.300000 2629.400000 2626.900000 2622.600000 2620.100000 2617.300000 2615.500000 2612.800000 2609.800000 2607.800000 2606.100000 2604.400000 2602.900000 2600.300000 2597.700000 2595.900000
2741.300000 2738.700000 2735.400000 2730.700000 2726.800000 2724.100000 2719.500000 2715.000000 2709.900000 2704.800000 2701.100000 2697.100000 2694.900000 2692.300000 2688.900000 2685.300000 2681.500000 2677.900000 2675.900000 2673.100000 2671.800000 2669.500000 2664.400000 2661.000000 2659.900000 2658.000000 2656.900000 2653.200000 2651.200000 2648.200000 2644.500000 2642.400000 2642.600000 2642.000000 2640.600000 2636.800000 2632.900000 2631.300000 2630.500000 2628.500000 2625.200000 2622.000000 2619.700000 2618.600000 2615.800000 2613.500000 2609.200000 2607.000000 2605.300000 2603.000000 2600.400000 2598.800000 2594.800000 2592.200000
2743.600000 2740.400000 2736.800000 2732.900000 2729.600000 2725.800000 2719.200000 2714.700000 2710.700000 2707.800000 2703.800000 2699.800000 2696.900000 2693.000000 2689.100000 2685.800000 2682.900000 2679.500000 2676.400000 2675.200000 2673.700000 2672.000000 2668.500000 2664.500000 2661.500000 2660.100000 2657.700000 2652.400000 2650.900000 2648.200000 2645.500000 2642.400000 2640.700000 2639.600000 2637.700000 2634.600000 2631.800000 2629.000000 2627.300000 2626.100000 2624.300000 2621.300000 2618.400000 2616.300000 2613.800000 2610.700000 2608.500000 2607.200000 2603.900000 2601.900000 2598.600000 2595.000000 2591.500000 2588.800000
