data/2006/output_2006_000000016000_Morphology.asc
ncols		517
nrows		378
xllcorner	499547.500000
yllcorner	4174982.500000
cellsize	10.000000
NODATA_value	0.000000
[rows 336 to 359 of 378, columns 0 to 53 of 517]
2646.900000 2647.600000 2648.900000 2647.200000 2648.600000 2646.300000 2646.100000 2648.500000 2649.900000 2650.600000 2652.200000 2652.500000 2653.900000 2652.600000 2650.500000 2650.700000 2651.100000 2654.200000 2655.400000 2656.400000 2659.400000 2660.600000 2660.900000 2661.400000 2663.100000 2663.800000 2664.700000 2666.500000 2666.800000 2664.400000 2666.200000 2667.800000 2671.500000 2674.200000 2670.300000 2672.000000 2668.300000 2669.400000 2671.000000 2671.900000 2674.500000 2676.000000 2677.800000 2681.800000 2681.600000 2684.300000 2684.500000 2685.000000 2685.300000 2687.200000 2687.100000 2689.800000 2690.900000 2689.400000
2645.600000 2646.300000 2644.600000 2644.100000 2641.900000 2644.700000 2645.100000 2646.800000 2646.600000 2648.900000 2650.200000 2651.400000 2651.400000 2649.600000 2649.200000 2648.300000 2652.100000 2653.300000 2654.600000 2656.000000 2659.300000 2660.300000 2660.500000 2661.700000 2663.100000 2663.200000 2662.000000 2661.100000 2662.500000 2663.900000 2666.900000 2667.700000 2669.900000 2670.400000 2668.000000 2667.300000 2667.500000 2668.200000 2668.200000 2669.400000 2673.400000 2674.000000 2676.900000 2675.500000 2677.900000 2680.500000 2683.700000 2683.600000 2683.500000 2686.600000 2687.100000 2687.000000 2689.500000 2689.400000
2643.100000 2642.000000 2642.000000 2639.400000 2640.500000 2643.300000 2644.700000 2644.300000 2647.000000 2648.200000 2648.700000 2648.700000 2646.500000 2645.600000 2646.700000 2647.800000 2652.400000 2653.000000 2653.900000 2655.400000 2658.300000 2659.600000 2660.000000 2661.000000 2661.000000 2659.100000 2658.100000 2658.700000 2662.700000 2665.300000 2666.700000 2666.800000 2665.800000 2666.800000 2667.000000 2666.400000 2665.700000 2665.400000 2667.000000 2668.700000 2671.700000 2671.600000 2671.500000 2670.800000 2672.100000 2678.200000 2679.200000 2680.600000 2681.400000 2684.900000 2686.200000 2685.800000 2684.400000 2686.500000
2637.800000 2638.500000 2636.500000 2637.200000 2638.400000 2639.500000 2642.700000 2643.900000 2645.600000 2647.400000 2646.900000 2644.000000 2643.500000 2644.900000 2645.200000 2650.300000 2652.300000 2653.000000 2652.400000 2655.200000 2655.600000 2657.100000 2658.100000 2658.400000 2657.600000 2656.400000 2655.600000 2657.400000 2660.000000 2663.200000 2665.000000 2664.200000 2665.500000 2664.700000 2664.600000 2666.200000 2664.700000 2664.500000 2664.800000 2667.300000 2668.500000 2668.200000 2667.600000 2667.700000 2669.300000 2673.500000 2677.300000 2677.800000 2679.500000 2681.900000 2683.000000 2683.800000 2682.900000 2682.400000
2635.200000 2633.300000 2634.300000 2634.800000 2637.400000 2638.800000 2638.100000 2641.800000 2645.000000 2644.900000 2643.700000 2642.300000 2641.500000 2642.600000 2645.900000 2651.100000 2651.300000 2651.400000 2653.400000 2653.500000 2655.000000 2653.700000 2654.600000 2655.600000 2653.000000 2654.400000 2653.700000 2656.500000 2658.500000 2660.900000 2664.000000 2663.300000 2664.300000 2663.400000 2664.600000 2664.800000 2664.400000 2662.500000 2663.000000 2664.400000 2664.500000 2665.000000 2663.900000 2663.600000 2667.800000 2670.200000 2671.800000 2674.500000 2676.900000 2677.900000 2679.600000 2679.100000 2682.500000 2680.900000
2632.500000 2630.100000 2630.800000 2633.400000 2636.500000 2634.900000 2637.300000 2641.800000 2642.500000 2641.300000 2638.700000 2639.300000 2640.700000 2641.000000 2647.600000 2648.700000 2650.900000 2650.400000 2652.300000 2653.400000 2651.400000 2650.800000 2653.300000 2650.400000 2649.800000 2650.300000 2651.900000 2654.600000 2657.300000 2658.200000 2663.000000 2661.400000 2662.500000 2662.300000 2663.000000 2661.500000 2662.000000 2660.900000 2661.500000 2660.900000 2659.100000 2660.800000 2659.600000 2661.800000 2663.400000 2666.000000 2671.500000 2673.600000 2672.900000 2675.400000 2676.400000 2676.600000 2679.700000 2678.300000
2628.400000 2626.400000 2628.800000 2630.000000 2633.400000 2633.300000 2638.300000 2639.600000 2638.000000 2636.000000 2635.900000 2637.500000 2638.500000 2641.300000 2644.100000 2647.400000 2646.400000 2649.900000 2651.700000 2650.500000 2648.000000 2649.000000 2648.800000 2647.400000 2646.800000 2649.400000 2651.800000 2652.300000 2654.600000 2657.000000 2662.600000 2662.300000 2663.000000 2662.800000 2660.600000 2657.800000 2658.600000 2658.500000 2658.900000 2656.100000 2656.400000 2657.700000 2656.900000 2658.500000 2660.500000 2665.400000 2670.600000 2672.000000 2673.200000 2674.500000 2675.500000 2675.600000 2677.600000 2677.600000
2624.300000 2624.900000 2628.200000 2629.900000 2629.800000 2635.100000 2637.400000 2635.900000 2634.100000 2634.600000 2635.800000 2637.000000 2637.600000 2639.700000 2641.200000 2642.500000 2644.900000 2647.900000 2648.500000 2647.400000 2645.800000 2645.700000 2643.400000 2644.600000 2645.000000 2647.900000 2648.600000 2649.700000 2652.200000 2656.200000 2662.000000 2660.800000 2660.400000 2661.300000 2658.400000 2655.900000 2657.100000 2656.300000 2655.400000 2652.500000 2654.800000 2655.500000 2655.500000 2655.800000 2659.900000 2664.700000 2667.900000 2670.300000 2673.300000 2673.400000 2673.900000 2674.100000 2676.600000 2676.600000
2622.800000 2626.100000 2627.200000 2627.800000 2631.700000 2634.700000 2634.500000 2631.600000 2631.400000 2632.600000 2633.200000 2633.000000 2635.700000 2637.100000 2639.300000 2641.400000 2644.200000 2645.100000 2642.000000 2642.400000 2643.100000 2641.300000 2641.500000 2642.800000 2644.100000 2645.000000 2646.100000 2648.000000 2651.400000 2656.600000 2660.700000 2660.000000 2656.000000 2658.300000 2655.400000 2653.800000 2653.200000 2653.700000 2652.100000 2651.700000 2652.500000 2652.500000 2654.200000 2654.300000 2658.800000 2663.200000 2665.700000 2668.900000 2672.100000 2672.100000 2671.600000 2674.500000 2675.600000 2675.600000
2622.200000 2624.600000 2625.200000 2629.600000 2632.000000 2632.100000 2629.900000 2629.100000 2631.000000 2631.400000 2629.900000 2632.700000 2634.400000 2635.700000 2638.000000 2640.300000 2640.100000 2639.900000 2639.400000 2640.900000 2641.500000 2638.700000 2640.100000 2642.000000 2641.600000 2643.200000 2644.100000 2648.100000 2650.100000 2655.000000 2658.300000 2658.300000 2654.200000 2657.600000 2652.200000 2651.800000 2649.700000 2651.100000 2649.900000 2651.400000 2650.700000 2650.900000 2652.600000 2653.100000 2657.600000 2660.400000 2665.700000 2668.800000 2670.300000 2670.400000 2672.300000 2674.000000 2673.900000 2674.300000
2620.500000 2622.700000 2627.700000 2629.500000 2629.800000 2628.000000 2627.200000 2627.300000 2627.900000 2627.700000 2629.500000 2632.400000 2634.500000 2636.000000 2636.800000 2638.600000 2637.800000 2636.900000 2638.700000 2639.400000 2637.400000 2636.700000 2638.500000 2639.500000 2639.100000 2641.100000 2642.100000 2646.900000 2650.000000 2653.200000 2655.300000 2655.300000 2654.000000 2654.400000 2648.200000 2649.500000 2648.300000 2649.600000 2647.300000 2649.800000 2649.600000 2650.100000 2650.300000 2651.300000 2655.700000 2659.300000 2663.400000 2667.200000 2667.800000 2669.700000 2673.500000 2674.500000 2673.000000 2673.800000
2619.100000 2624.700000 2626.800000 2626.900000 2626.100000 2625.200000 2624.200000 2624.200000 2626.100000 2627.900000 2629.800000 2631.900000 2634.200000 2634.900000 2636.200000 2637.100000 2637.100000 2636.200000 2637.700000 2637.500000 2634.700000 2634.200000 2637.500000 2636.600000 2637.300000 2637.500000 2641.500000 2647.100000 2649.400000 2651.500000 2652.100000 2651.400000 2652.300000 2649.300000 2644.100000 2647.100000 2645.000000 2647.200000 2648.500000 2648.700000 2648.600000 2649.100000 2648.500000 2649.900000 2653.400000 2656.900000 2659.500000 2661.700000 2664.900000 2669.100000 2672.800000 2674.000000 2671.800000 2673.500000
2620.200000 2622.600000 2623.700000 2622.600000 2622.600000 2622.700000 2621.400000 2623.000000 2626.000000 2627.200000 2628.700000 2630.800000 2632.100000 2632.700000 2635.000000 2635.400000 2636.100000 2635.000000 2637.100000 2636.200000 2635.000000 2634.600000 2635.300000 2634.700000 2635.400000 2636.700000 2639.300000 2644.800000 2647.200000 2649.400000 2648.400000 2648.900000 2650.400000 2644.900000 2640.700000 2644.700000 2643.100000 2647.100000 2648.000000 2648.300000 2647.700000 2648.100000 2647.400000 2648.400000 2650.900000 2654.600000 2656.500000 2660.000000 2662.300000 2664.200000 2669.300000 2670.800000 2669.800000 2670.800000
2616.900000 2618.200000 2617.700000 2619.100000 2618.700000 2619.400000 2620.400000 2624.400000 2625.600000 2625.900000 2626.400000 2627.800000 2629.200000 2631.900000 2632.800000 2634.000000 2634.500000 2634.300000 2634.500000 2634.900000 2634.900000 2633.100000 2633.200000 2632.500000 2632.900000 2636.000000 2637.500000 2642.600000 2645.200000 2646.100000 2641.600000 2647.600000 2645.400000 2642.300000 2639.600000 2641.100000 2643.800000 2646.000000 2646.900000 2648.000000 2646.800000 2646.500000 2646.700000 2647.100000 2648.000000 2650.300000 2653.500000 2656.600000 2659.500000 2660.300000 2665.600000 2665.300000 2667.900000 2667.200000
2613.400000 2615.500000 2613.600000 2613.700000 2614.400000 2616.500000 2619.200000 2622.400000 2623.700000 2625.100000 2626.700000 2627.600000 2629.500000 2631.000000 2632.600000 2632.700000 2631.900000 2632.400000 2632.200000 2632.600000 2633.500000 2632.100000 2631.100000 2631.400000 2633.300000 2635.200000 2636.000000 2639.400000 2638.200000 2640.900000 2640.000000 2641.500000 2640.600000 2640.100000 2638.600000 2638.600000 2643.100000 2644.000000 2645.300000 2645.700000 2645.400000 2646.200000 2648.600000 2648.700000 2647.500000 2648.800000 2651.200000 2654.700000 2656.800000 2661.100000 2663.100000 2661.900000 2664.900000 2663.600000
2611.800000 2611.700000 2609.900000 2611.400000 2613.200000 2613.900000 2616.500000 2619.700000 2623.000000 2624.300000 2625.500000 2625.900000 2628.200000 2629.300000 2631.900000 2629.800000 2630.600000 2631.000000 2630.700000 2630.100000 2629.900000 2630.500000 2629.800000 2629.900000 2631.000000 2632.800000 2633.500000 2633.200000 2634.400000 2638.500000 2637.400000 2636.700000 2637.400000 2636.900000 2637.100000 2639.900000 2640.700000 2642.600000 2643.100000 2643.500000 2644.700000 2647.100000 2648.900000 2649.000000 2649.300000 2650.500000 2652.000000 2654.300000 2655.300000 2658.600000 2658.700000 2657.900000 2662.100000 2659.700000
2609.700000 2607.500000 2608.400000 2610.800000 2613.000000 2616.000000 2617.200000 2620.500000 2621.300000 2623.000000 2623.100000 2625.400000 2626.600000 2628.700000 2629.000000 2628.900000 2629.100000 2629.800000 2629.900000 2627.700000 2626.700000 2627.400000 2627.300000 2626.500000 2629.500000 2631.000000 2631.300000 2630.400000 2630.500000 2634.800000 2634.800000 2633.100000 2634.400000 2634.800000 2636.200000 2637.900000 2639.400000 2640.400000 2641.000000 2642.400000 2644.800000 2646.100000 2647.100000 2648.000000 2648.600000 2650.700000 2651.600000 2651.800000 2652.900000 2655.500000 2655.300000 2654.400000 2658.000000 2656.200000
2605.900000 2606.900000 2607.200000 2608.400000 2610.600000 2615.000000 2618.300000 2619.000000 2621.400000 2622.200000 2623.200000 2623.500000 2625.200000 2626.400000 2627.600000 2626.100000 2627.600000 2626.900000 2626.300000 2625.700000 2623.800000 2624.300000 2624.500000 2623.900000 2627.800000 2628.700000 2629.700000 2628.100000 2627.100000 2631.200000 2630.700000 2629.300000 2630.300000 2632.600000 2636.500000 2635.600000 2637.300000 2638.500000 2639.400000 2641.200000 2644.800000 2644.300000 2646.000000 2646.200000 2647.500000 2650.400000 2650.800000 2651.900000 2652.800000 2651.800000 2650.100000 2650.600000 2654.100000 2654.500000
2603.100000 2605.100000 2606.000000 2608.000000 2611.500000 2614.700000 2618.100000 2619.400000 2619.200000 2620.000000 2620.200000 2621.300000 2620.900000 2622.300000 2623.500000 2622.000000 2624.200000 2623.900000 2623.100000 2621.700000 2621.100000 2621.800000 2622.700000 2624.100000 2625.100000 2626.900000 2626.700000 2625.900000 2626.100000 2629.800000 2628.300000 2628.400000 2630.200000 2633.500000 2635.100000 2635.100000 2635.600000 2638.200000 2640.000000 2642.200000 2644.000000 2643.500000 2646.000000 2646.900000 2647.600000 2649.600000 2650.700000 2651.100000 2651.500000 2647.900000 2647.400000 2648.600000 2651.000000 2650.900000
2601.700000 2604.200000 2607.200000 2608.100000 2609.200000 2611.800000 2616.200000 2617.200000 2616.800000 2616.800000 2618.300000 2617.700000 2615.900000 2618.200000 2619.500000 2620.000000 2620.600000 2620.900000 2621.200000 2618.800000 2619.400000 2620.000000 2620.800000 2623.000000 2623.300000 2624.100000 2624.500000 2623.500000 2625.900000 2628.100000 2628.100000 2628.600000 2630.700000 2631.000000 2634.200000 2634.400000 2633.800000 2636.800000 2637.400000 2642.300000 2642.000000 2643.400000 2644.100000 2644.800000 2645.700000 2649.200000 2649.400000 2650.500000 2649.200000 2649.200000 2648.100000 2647.400000 2648.600000 2648.800000
2600.700000 2605.100000 2606.200000 2606.500000 2607.600000 2611.000000 2613.400000 2613.000000 2615.000000 2614.600000 2614.500000 2614.300000 2612.500000 2615.200000 2615.100000 2618.100000 2617.500000 2617.200000 2617.700000 2616.900000 2617.700000 2618.900000 2618.000000 2619.200000 2620.500000 2621.300000 2621.400000 2622.200000 2624.800000 2626.200000 2626.400000 2629.400000 2628.600000 2630.300000 2634.400000 2632.500000 2632.800000 2635.500000 2636.200000 2640.000000 2639.100000 2642.000000 2641.800000 2642.900000 2645.800000 2648.400000 2649.600000 2648.400000 2648.300000 2647.400000 2646.100000 2645.500000 2647.800000 2647.500000
2603.200000 2604.800000 2605.300000 2605.800000 2606.600000 2609.100000 2610.500000 2611.800000 2613.600000 2611.700000 2611.100000 2611.000000 2610.500000 2611.200000 2612.000000 2613.700000 2614.900000 2614.000000 2614.400000 2615.500000 2616.200000 2617.000000 2615.100000 2617.100000 2617.000000 2619.000000 2618.800000 2620.700000 2623.100000 2624.700000 2625.100000 2626.900000 2627.000000 2629.300000 2631.000000 2630.900000 2633.000000 2632.400000 2634.600000 2636.100000 2637.300000 2637.900000 2638.700000 2641.700000 2645.200000 2646.900000 2646.600000 2646.300000 2645.700000 2644.500000 2643.400000 2645.600000 2646.000000 2647.200000
2602.700000 2603.800000 2604.400000 2605.700000 2606.900000 2607.600000 2607.000000 2608.000000 2611.000000 2607.900000 2608.400000 2608.300000 2609.200000 2609.300000 2609.900000 2610.400000 2610.900000 2611.100000 2612.400000 2614.600000 2614.900000 2614.300000 2614.000000 2615.300000 2614.400000 2616.600000 2618.200000 2619.100000 2620.800000 2620.900000 2624.100000 2623.900000 2625.500000 2628.500000 2628.300000 2630.600000 2630.900000 2631.500000 2633.800000 2633.900000 2636.500000 2635.400000 2637.300000 2639.100000 2642.200000 2645.600000 2643.400000 2643.000000 2642.500000 2643.000000 2642.400000 2645.200000 2645.300000 2646.600000
2602.200000 2602.700000 2604.100000 2605.200000 2606.100000 2604.600000 2603.400000 2605.400000 2607.800000 2605.700000 2606.600000 2606.400000 2607.200000 2607.600000 2608.900000 2608.500000 2607.400000 2608.400000 2611.200000 2611.900000 2612.300000 2614.100000 2615.100000 2613.700000 2612.900000 2613.900000 2616.600000 2616.100000 2618.600000 2621.500000 2621.600000 2622.800000 2625.500000 2626.200000 2628.300000 2629.700000 2630.000000 2631.700000 2631.800000 2634.300000 2632.400000 2633.500000 2637.100000 2638.800000 2641.600000 2642.400000 2640.600000 2639.800000 2640.400000 2642.100000 2643.500000 2644.900000 2643.900000 2645.300000
