data/2006/output_2006_000000016000_Morphology.asc
ncols		517
nrows		378
xllcorner	499547.500000
yllcorner	4174982.500000
cellsize	10.000000
NODATA_value	0.000000
[rows 312 to 335 of 378, columns 216 to 269 of 517]
2181.500000 2175.700000 2169.800000 2164.200000 2158.000000 2152.300000 2146.900000 2141.300000 2136.300000 2130.800000 2125.700000 2120.700000 2116.000000 2111.300000 2106.100000 2101.500000 2097.100000 2092.600000 2088.800000 2084.700000 2080.700000 2077.100000 2073.500000 2069.800000 2065.500000 2061.600000 2057.500000 2053.000000 2047.700000 2041.600000 2035.800000 2028.700000 2023.900000 2018.200000 2013.000000 2009.200000 2005.400000 2002.100000 1998.700000 1995.800000 1993.700000 1990.900000 1988.200000 1987.000000 1985.900000 1984.200000 1983.500000 1984.300000 1986.200000 1989.600000 1993.700000 1997.800000 1995.400000 1991.200000
2179.200000 2173.300000 2167.400000 2161.300000 2155.400000 2149.800000 2144.300000 2138.700000 2133.300000 2128.300000 2122.800000 2118.000000 2113.400000 2108.400000 2103.800000 2098.700000 2094.000000 2089.700000 2085.200000 2080.900000 2077.300000 2073.300000 2069.700000 2066.100000 2063.100000 2058.600000 2054.300000 2050.000000 2044.600000 2039.800000 2033.600000 2027.900000 2021.800000 2016.900000 2011.300000 2006.700000 2002.900000 1999.000000 1995.600000 1992.500000 1989.900000 1987.000000 1985.200000 1983.300000 1981.600000 1980.200000 1979.100000 1978.400000 1980.200000 1983.500000 1986.800000 1991.100000 1986.200000 1983.100000
2176.600000 2170.300000 2165.200000 2159.300000 2152.800000 2147.100000 2141.400000 2136.000000 2130.400000 2125.500000 2120.000000 2115.000000 2110.000000 2105.400000 2101.000000 2095.500000 2091.000000 2086.800000 2082.500000 2077.600000 2073.800000 2070.000000 2065.900000 2062.300000 2058.900000 2055.800000 2051.200000 2047.200000 2043.000000 2037.600000 2032.700000 2026.600000 2021.400000 2014.400000 2010.400000 2004.900000 2000.500000 1996.700000 1992.600000 1989.500000 1986.200000 1983.400000 1981.600000 1979.600000 1977.900000 1976.200000 1974.900000 1974.300000 1974.700000 1977.500000 1979.400000 1978.200000 1977.700000 1974.700000
2174.200000 2168.000000 2162.600000 2156.500000 2150.300000 2144.800000 2139.200000 2133.100000 2127.700000 2122.200000 2117.200000 2111.900000 2107.200000 2102.300000 2097.400000 2092.600000 2087.900000 2083.500000 2078.600000 2074.300000 2070.100000 2065.800000 2062.000000 2058.300000 2055.100000 2051.600000 2048.800000 2044.100000 2039.900000 2035.300000 2029.500000 2024.500000 2018.400000 2013.600000 2008.200000 2004.000000 1998.300000 1994.400000 1990.000000 1986.200000 1983.300000 1980.400000 1978.100000 1976.000000 1974.300000 1972.500000 1971.000000 1969.700000 1969.500000 1971.500000 1971.800000 1969.500000 1968.200000 1966.200000
2171.200000 2165.500000 2159.700000 2153.500000 2147.700000 2142.200000 2136.400000 2130.800000 2125.000000 2119.700000 2114.300000 2109.100000 2104.100000 2099.200000 2094.500000 2089.600000 2085.500000 2080.300000 2076.000000 2071.800000 2066.900000 2062.700000 2058.400000 2054.700000 2051.500000 2047.600000 2043.900000 2040.300000 2036.600000 2032.100000 2027.900000 2021.700000 2016.800000 2011.400000 2006.600000 2001.700000 1997.700000 1992.900000 1988.200000 1984.000000 1980.400000 1977.200000 1975.000000 1972.600000 1970.900000 1969.000000 1967.400000 1965.700000 1964.500000 1964.700000 1965.500000 1963.000000 1960.200000 1958.600000
2168.700000 2162.200000 2156.000000 2149.800000 2144.600000 2139.200000 2133.200000 2127.600000 2122.000000 2116.800000 2111.600000 2106.100000 2100.900000 2095.800000 2090.900000 2086.400000 2081.500000 2077.000000 2072.500000 2067.800000 2063.100000 2058.900000 2055.400000 2051.400000 2047.400000 2043.700000 2040.000000 2036.300000 2032.700000 2029.000000 2024.500000 2019.700000 2014.400000 2009.100000 2004.200000 1999.500000 1994.000000 1990.600000 1986.000000 1981.800000 1977.800000 1974.200000 1971.700000 1969.500000 1967.200000 1965.300000 1963.900000 1962.000000 1960.100000 1958.500000 1958.000000 1955.600000 1953.800000 1951.800000
2168.200000 2161.300000 2154.300000 2147.900000 2142.100000 2136.600000 2131.400000 2124.900000 2119.400000 2114.100000 2107.900000 2103.100000 2097.900000 2093.100000 2088.200000 2083.100000 2078.700000 2073.900000 2069.300000 2065.200000 2060.500000 2055.700000 2051.600000 2048.000000 2043.600000 2039.500000 2036.100000 2032.600000 2028.800000 2025.100000 2021.400000 2017.400000 2013.300000 2008.700000 2001.800000 1996.600000 1991.300000 1987.200000 1983.100000 1979.000000 1975.100000 1971.700000 1968.700000 1966.100000 1963.900000 1961.900000 1959.900000 1958.200000 1956.700000 1953.900000 1952.100000 1950.600000 1947.800000 1945.600000
2172.300000 2162.800000 2156.200000 2147.100000 2140.300000 2134.800000 2128.600000 2122.500000 2116.400000 2110.600000 2105.600000 2100.200000 2094.600000 2090.300000 2084.100000 2080.300000 2075.600000 2070.500000 2066.500000 2061.500000 2057.000000 2053.500000 2048.300000 2044.100000 2040.500000 2036.000000 2032.400000 2028.700000 2024.800000 2020.800000 2017.000000 2013.000000 2009.900000 2005.700000 1999.800000 1993.900000 1989.100000 1984.100000 1980.200000 1975.700000 1972.600000 1968.900000 1965.700000 1962.900000 1960.600000 1958.700000 1956.300000 1954.500000 1953.200000 1950.800000 1947.900000 1945.500000 1943.300000 1940.300000
2173.000000 2164.300000 2156.200000 2149.800000 2135.900000 2130.100000 2127.500000 2120.000000 2113.200000 2106.800000 2102.400000 2097.100000 2091.100000 2086.600000 2081.800000 2077.000000 2072.200000 2067.300000 2063.300000 2058.300000 2053.700000 2049.200000 2044.600000 2041.000000 2036.800000 2032.200000 2028.500000 2025.000000 2021.100000 2017.200000 2013.400000 2009.700000 2005.500000 2001.400000 1996.800000 1991.800000 1986.300000 1981.800000 1977.500000 1972.900000 1969.000000 1966.200000 1962.800000 1959.800000 1957.100000 1954.900000 1953.000000 1951.000000 1949.200000 1948.200000 1945.200000 1941.300000 1938.700000 1935.800000
2166.100000 2161.400000 2155.700000 2147.400000 2142.700000 2125.600000 2120.300000 2117.400000 2110.000000 2104.400000 2099.000000 2094.700000 2088.800000 2084.100000 2079.000000 2073.600000 2069.100000 2064.300000 2059.800000 2055.100000 2050.600000 2045.400000 2042.000000 2037.400000 2034.100000 2029.000000 2025.100000 2021.300000 2017.700000 2013.700000 2009.900000 2005.900000 2002.500000 1998.400000 1994.800000 1989.700000 1984.200000 1979.400000 1974.900000 1970.900000 1966.200000 1962.000000 1959.600000 1956.700000 1953.700000 1951.400000 1949.200000 1947.600000 1945.400000 1944.400000 1941.400000 1937.800000 1934.700000 1932.400000
2161.300000 2156.600000 2149.000000 2146.200000 2135.400000 2129.600000 2115.600000 2110.900000 2106.200000 2101.100000 2095.600000 2090.400000 2085.400000 2079.800000 2076.100000 2070.200000 2065.800000 2060.500000 2056.500000 2051.800000 2047.300000 2043.800000 2038.100000 2034.300000 2030.400000 2026.300000 2021.500000 2017.900000 2013.600000 2010.000000 2006.200000 2001.900000 1998.600000 1994.700000 1991.500000 1988.900000 1983.500000 1977.100000 1972.200000 1967.800000 1963.800000 1960.000000 1956.500000 1953.300000 1950.400000 1947.900000 1945.900000 1944.200000 1941.800000 1939.500000 1937.300000 1934.100000 1930.900000 1928.100000
2156.900000 2151.200000 2146.200000 2137.500000 2130.900000 2123.000000 2112.800000 2107.300000 2102.200000 2098.100000 2092.400000 2087.000000 2081.800000 2076.700000 2072.800000 2066.200000 2063.500000 2057.500000 2053.300000 2048.800000 2044.100000 2039.500000 2035.700000 2030.300000 2026.900000 2023.100000 2018.500000 2013.900000 2010.200000 2006.700000 2002.500000 1998.500000 1994.800000 1991.100000 1987.200000 1984.200000 1980.400000 1975.900000 1970.300000 1965.400000 1960.900000 1957.100000 1952.700000 1950.100000 1946.800000 1943.800000 1941.900000 1940.400000 1937.800000 1935.000000 1932.200000 1929.300000 1926.900000 1924.400000
2153.600000 2147.100000 2141.200000 2135.700000 2127.800000 2119.000000 2110.900000 2104.800000 2099.300000 2093.900000 2089.300000 2083.800000 2078.400000 2073.500000 2068.300000 2063.400000 2059.100000 2054.400000 2049.700000 2045.200000 2040.400000 2035.900000 2031.600000 2027.400000 2023.200000 2018.800000 2014.700000 2010.900000 2006.300000 2002.600000 1998.900000 1995.100000 1991.100000 1988.000000 1984.100000 1979.500000 1975.900000 1972.700000 1969.200000 1964.300000 1958.300000 1953.800000 1949.900000 1946.800000 1943.700000 1940.300000 1937.800000 1935.700000 1932.200000 1929.000000 1926.500000 1924.000000 1921.600000 1920.200000
2150.800000 2144.500000 2137.900000 2131.500000 2124.400000 2116.700000 2110.000000 2103.200000 2096.900000 2091.100000 2085.700000 2080.600000 2075.600000 2070.200000 2065.000000 2060.200000 2055.900000 2051.500000 2046.500000 2041.700000 2036.900000 2033.700000 2028.700000 2024.500000 2019.900000 2015.300000 2012.000000 2007.500000 2003.400000 1999.400000 1996.100000 1990.900000 1987.600000 1984.100000 1980.300000 1976.000000 1972.100000 1967.400000 1964.300000 1961.500000 1955.900000 1950.700000 1946.900000 1943.500000 1940.400000 1937.100000 1934.200000 1931.400000 1928.600000 1925.200000 1922.200000 1919.900000 1917.600000 1915.600000
2147.800000 2141.400000 2135.100000 2128.600000 2122.100000 2115.400000 2108.800000 2102.400000 2095.900000 2089.600000 2083.400000 2077.800000 2072.500000 2067.500000 2061.900000 2056.600000 2052.000000 2047.700000 2043.500000 2038.600000 2034.100000 2029.600000 2024.600000 2021.800000 2016.800000 2012.300000 2008.100000 2003.600000 1999.000000 1996.000000 1992.000000 1988.100000 1984.000000 1980.400000 1976.500000 1972.800000 1968.700000 1964.100000 1959.600000 1956.100000 1951.600000 1947.000000 1943.200000 1939.900000 1936.900000 1934.100000 1930.300000 1927.600000 1925.100000 1921.700000 1919.000000 1916.300000 1914.000000 1911.800000
2145.800000 2139.000000 2132.500000 2126.300000 2119.900000 2113.500000 2107.000000 2100.700000 2094.200000 2088.000000 2081.700000 2075.500000 2069.800000 2064.400000 2059.200000 2054.000000 2048.800000 2043.900000 2039.600000 2035.300000 2030.600000 2026.100000 2021.100000 2017.700000 2012.900000 2007.700000 2004.200000 2000.500000 1996.500000 1993.100000 1988.100000 1984.300000 1980.600000 1976.500000 1972.600000 1969.300000 1965.400000 1961.100000 1956.800000 1952.700000 1948.300000 1944.600000 1940.200000 1936.700000 1933.300000 1930.200000 1927.200000 1923.900000 1921.100000 1918.000000 1915.800000 1912.500000 1910.300000 1908.200000
2141.800000 2136.100000 2130.300000 2124.300000 2118.000000 2111.800000 2105.400000 2098.800000 2092.200000 2086.100000 2079.800000 2073.700000 2067.700000 2061.800000 2056.300000 2051.000000 2046.000000 2040.800000 2036.100000 2031.500000 2027.100000 2022.400000 2018.000000 2014.700000 2010.300000 2004.400000 2001.500000 1996.500000 1992.900000 1988.800000 1985.100000 1980.800000 1977.400000 1973.400000 1969.300000 1965.300000 1962.100000 1958.100000 1953.800000 1949.600000 1945.700000 1942.000000 1937.300000 1933.900000 1930.200000 1927.100000 1923.700000 1920.200000 1917.900000 1914.900000 1912.000000 1909.300000 1906.600000 1904.100000
2136.900000 2131.300000 2126.500000 2121.300000 2115.600000 2110.000000 2104.700000 2099.000000 2091.000000 2083.900000 2077.700000 2071.600000 2065.600000 2059.700000 2053.800000 2048.100000 2042.900000 2037.700000 2032.800000 2028.100000 2023.600000 2019.000000 2014.300000 2009.900000 2005.400000 2002.400000 1998.900000 1993.500000 1990.100000 1985.400000 1981.400000 1977.800000 1973.300000 1969.400000 1964.200000 1962.100000 1958.300000 1955.100000 1950.700000 1946.400000 1942.900000 1937.700000 1934.900000 1931.700000 1927.600000 1924.100000 1920.600000 1917.700000 1914.700000 1911.600000 1908.300000 1905.900000 1902.700000 1900.400000
2133.100000 2127.500000 2121.400000 2117.000000 2112.100000 2106.600000 2101.700000 2097.500000 2091.800000 2083.600000 2076.900000 2070.800000 2063.600000 2057.300000 2051.700000 2045.700000 2040.300000 2034.700000 2029.900000 2024.900000 2020.400000 2015.600000 2011.100000 2007.400000 2002.700000 1998.700000 1994.700000 1990.500000 1986.300000 1981.100000 1979.000000 1974.500000 1970.300000 1966.400000 1961.600000 1957.900000 1955.000000 1951.200000 1947.400000 1943.100000 1939.400000 1935.500000 1931.300000 1928.000000 1924.300000 1921.200000 1917.600000 1914.300000 1911.300000 1908.300000 1905.100000 1902.400000 1899.700000 1896.300000
2128.300000 2122.800000 2116.600000 2111.400000 2107.400000 2102.800000 2097.600000 2093.100000 2089.700000 2085.600000 2080.700000 2077.200000 2061.000000 2054.600000 2048.900000 2043.200000 2037.500000 2031.900000 2026.900000 2022.600000 2017.300000 2012.600000 2008.100000 2003.400000 1999.300000 1995.000000 1991.000000 1987.100000 1983.300000 1978.900000 1974.700000 1970.300000 1966.200000 1962.200000 1958.100000 1954.900000 1951.400000 1947.400000 1943.500000 1940.300000 1935.900000 1932.600000 1928.400000 1925.300000 1921.500000 1918.200000 1914.800000 1911.300000 1907.900000 1904.900000 1901.600000 1898.300000 1895.800000 1893.000000
2122.100000 2118.200000 2111.800000 2106.600000 2102.100000 2098.500000 2092.900000 2088.300000 2084.500000 2081.500000 2081.500000 2076.000000 2068.500000 2053.700000 2047.300000 2040.900000 2035.200000 2029.600000 2024.300000 2019.600000 2014.700000 2009.900000 2005.100000 2000.500000 1995.800000 1991.000000 1986.800000 1983.600000 1979.400000 1975.500000 1971.100000 1967.400000 1964.100000 1959.100000 1955.300000 1951.900000 1948.000000 1943.900000 1941.500000 1936.800000 1933.100000 1929.300000 1925.400000 1922.100000 1918.300000 1915.100000 1911.800000 1908.500000 1905.000000 1901.900000 1898.600000 1895.100000 1892.900000 1889.500000
2121.500000 2114.200000 2107.800000 2102.400000 2097.300000 2092.600000 2087.700000 2083.300000 2079.300000 2075.700000 2074.500000 2071.200000 2066.700000 2060.400000 2047.900000 2042.300000 2034.500000 2027.500000 2022.000000 2016.600000 2011.700000 2007.000000 2002.400000 1997.200000 1993.000000 1988.000000 1984.300000 1980.200000 1975.700000 1972.200000 1967.900000 1963.600000 1959.800000 1954.900000 1952.100000 1948.700000 1944.800000 1941.100000 1936.800000 1932.700000 1929.400000 1926.300000 1921.900000 1918.500000 1915.800000 1912.100000 1908.500000 1905.800000 1902.500000 1899.000000 1896.000000 1892.900000 1889.300000 1885.700000
2123.200000 2119.500000 2112.800000 2099.100000 2092.900000 2087.900000 2083.200000 2078.700000 2074.400000 2070.300000 2067.600000 2065.600000 2060.700000 2055.800000 2050.800000 2046.700000 2038.400000 2025.000000 2020.100000 2014.200000 2008.900000 2003.500000 1998.900000 1994.700000 1989.700000 1984.500000 1982.400000 1976.600000 1972.100000 1969.000000 1963.500000 1960.700000 1956.500000 1952.400000 1948.600000 1944.800000 1941.000000 1937.600000 1933.800000 1929.500000 1926.200000 1922.900000 1919.300000 1915.400000 1912.300000 1909.100000 1905.600000 1902.500000 1899.400000 1896.300000 1892.600000 1889.600000 1886.300000 1883.100000
2120.200000 2121.900000 2125.200000 2106.200000 2089.300000 2084.000000 2078.800000 2074.100000 2069.600000 2065.300000 2061.200000 2057.500000 2054.600000 2050.000000 2044.900000 2039.000000 2029.700000 2023.000000 2016.800000 2011.600000 2006.200000 2001.100000 1996.500000 1991.500000 1987.200000 1982.700000 1978.800000 1973.900000 1969.700000 1965.500000 1959.800000 1957.200000 1953.000000 1949.600000 1945.100000 1941.000000 1938.300000 1934.000000 1930.400000 1926.700000 1923.100000 1919.500000 1915.900000 1912.600000 1908.600000 1905.800000 1902.400000 1899.200000 1896.000000 1893.000000 1889.700000 1886.200000 1883.600000 1880.500000
