data/2006/output_2006_000000016000_SolidifiedLavaThickness.asc
ncols		517
nrows		378
xllcorner	499547.500000
yllcorner	4174982.500000
cellsize	10.000000
NODATA_value	0.000000
[rows 168 to 195 of 378, columns 252 to 314 of 517]
2.535777 0.000000 0.000000 0.000000 0.000000 0.000000 0.000000 0.000000 0.000000 0.000000 0.000000 0.000000 0.000000 0.000000 0.000000 0.000000 0.000000 0.000000 0.000000 0.000000 0.000000 0.000000 0.000000 0.000000 0.000000 0.000000 0.000000 0.000000 0.000000 0.000000 0.000000 0.000000 0.000000 0.000000 0.000000 0.000000 0.000000 0.000000 0.000000 0.000000 0.000000 0.000000 0.000000 0.000000 0.000000 0.000000 0.000000 0.000000 0.000000 0.000000 0.000000 0.000000 0.000000 0.000000 0.000000 0.000000 0.000000 0.000000 0.000000 0.000000 0.000000 0.000000 0.000000
6.275599 3.462768 2.002503 1.285324 0.000000 0.000000 0.000000 0.000000 0.000000 0.000000 0.000000 0.000000 0.000000 0.000000 0.000000 0.000000 0.000000 0.000000 0.000000 0.000000 0.000000 0.000000 0.000000 0.000000 0.000000 0.000000 0.000000 0.000000 0.000000 0.000000 0.000000 0.000000 0.000000 0.000000 0.000000 0.000000 0.000000 0.000000 0.000000 0.000000 0.000000 0.000000 0.000000 0.000000 0.000000 0.000000 0.000000 0.000000 0.000000 0.000000 0.000000 0.000000 0.000000 0.000000 0.000000 0.000000 0.000000 0.000000 0.000000 0.000000 0.000000 0.000000 0.000000
4.679932 2.042578 2.817535 5.735557 3.383403 3.211232 0.000000 0.000000 0.000000 0.000000 0.000000 0.000000 0.000000 0.000000 0.000000 0.000000 0.000000 0.000000 0.000000 0.000000 0.000000 0.000000 0.000000 0.000000 0.000000 0.000000 0.000000 0.000000 0.000000 0.000000 0.000000 0.000000 0.000000 0.000000 0.000000 0.000000 0.000000 0.000000 0.000000 0.000000 0.000000 0.000000 0.000000 0.000000 0.000000 0.000000 0.000000 0.000000 0.000000 0.000000 0.000000 0.000000 0.000000 0.000000 0.000000 0.000000 0.000000 0.000000 0.000000 0.000000 0.000000 2.097589 0.000000
4.500113 3.730686 3.372586 4.479828 4.760423 6.278177 4.878083 0.000000 0.000000 0.000000 0.000000 0.000000 0.000000 0.000000 0.000000 0.000000 0.000000 0.000000 0.000000 0.000000 0.000000 0.000000 0.000000 0.000000 0.000000 0.000000 0.000000 0.000000 0.000000 0.000000 0.000000 0.000000 0.000000 0.000000 0.000000 0.000000 0.000000 0.000000 0.000000 0.000000 0.000000 0.000000 0.000000 0.000000 0.000000 0.000000 0.000000 0.000000 0.000000 0.000000 0.000000 0.000000 0.000000 0.000000 0.000000 0.000000 1.791630 1.974846 5.735897 6.341795 6.731541 6.015488 5.055950
1.662344 1.471100 2.114950 2.975177 4.751373 5.117624 7.105292 3.206664 3.600497 0.000000 0.000000 0.000000 0.000000 0.000000 0.000000 0.000000 0.000000 0.000000 0.000000 0.000000 0.000000 0.000000 0.000000 0.000000 0.000000 0.000000 0.000000 0.000000 0.000000 0.000000 0.000000 0.000000 0.000000 0.000000 0.000000 0.000000 0.000000 0.000000 0.000000 0.000000 0.000000 0.000000 0.000000 2.396145 4.158417 4.651649 4.203767 2.792482 0.000000 0.000000 0.000000 0.000000 0.000000 3.288867 4.828101 5.897799 6.287080 2.219538 2.655359 3.068753 2.863360 2.864290 4.122641
4.398388 2.296972 1.790436 1.664862 2.841578 4.869295 5.955336 3.658446 6.651970 4.596333 4.417959 0.000000 0.000000 0.000000 0.000000 0.000000 0.000000 0.000000 0.000000 0.000000 0.000000 0.000000 0.000000 0.000000 0.000000 0.000000 0.000000 0.000000 0.000000 0.000000 0.000000 0.000000 0.000000 0.000000 0.000000 2.325780 3.669259 4.782222 5.284804 4.428661 3.419580 3.640108 6.126275 2.738101 3.572941 3.225036 5.974058 5.005166 5.109934 5.362643 5.435809 5.467176 2.132073 2.010862 2.431973 2.089847 2.148553 3.240006 3.384660 3.504438 4.314169 4.063860 4.181972
2.313680 1.958321 4.732655 2.598628 2.683073 2.875688 4.665103 4.688966 5.625096 4.743321 7.133735 5.205713 4.110411 2.397516 0.000000 0.000000 0.000000 0.000000 0.000000 0.000000 0.000000 0.000000 0.000000 0.000000 0.000000 0.000000 0.000000 0.000000 0.000000 0.000000 0.000000 1.289225 3.730946 4.851338 5.933081 6.724187 3.571336 2.463183 2.560381 3.661736 3.023295 2.311267 3.965377 3.056246 3.757037 3.734359 3.676616 2.853708 2.626417 3.287874 2.889148 2.949875 2.590500 2.638188 2.381823 2.164020 2.238318 2.502610 3.594909 3.827660 3.239356 4.313286 3.552953
2.368902 2.961332 3.445402 4.135627 2.052886 3.457100 3.947611 3.693234 5.308066 5.244773 3.748180 5.473197 2.362017 5.296295 4.205373 5.467671 5.108913 0.000000 0.000000 0.000000 0.000000 0.000000 0.000000 0.000000 0.000000 0.000000 0.000000 0.000000 0.807124 4.928444 6.387627 3.248083 1.925574 2.117900 2.256392 2.276343 2.538393 1.883614 2.723705 2.370781 1.225197 2.672716 4.044633 1.594544 1.768915 3.908115 2.346190 2.087948 2.931000 1.873722 3.696991 1.566471 2.445489 2.953250 2.885720 2.721869 3.584345 3.195963 3.217924 2.080362 3.422493 3.183652 3.335873
3.761387 3.924069 1.946591 2.567153 3.796477 2.635449 3.604099 4.254017 5.043280 2.856013 2.774390 2.237283 4.831698 4.314111 3.968538 4.410197 7.892739 6.949750 7.645838 6.198128 0.000000 0.000000 0.000000 0.000000 0.000000 0.000000 1.932889 5.947140 2.422807 1.595957 2.320492 1.868917 0.977759 3.361560 2.701743 2.679294 3.176694 2.718716 3.643111 1.763501 3.010835 3.123625 3.467946 3.272687 3.533597 2.199558 1.860933 2.660132 3.099098 3.779742 3.363504 3.495488 1.613685 3.290024 2.598149 3.049488 3.916511 2.838018 2.159206 2.037736 2.305524 2.837454 3.983127
4.220389 4.524375 3.162897 3.800180 2.525810 3.924065 3.247345 3.555481 3.993061 4.001964 3.728825 4.079751 3.811427 2.741439 4.075639 4.759225 5.965955 6.305759 8.580503 5.081202 0.000000 0.000000 0.000000 3.180862 5.914315 7.190579 0.749092 3.531774 1.654382 1.171383 0.852804 3.367445 2.488495 2.179328 2.198446 2.819457 2.516732 3.081758 1.873397 1.017153 3.070092 2.927200 2.621235 2.586302 3.662523 2.351571 2.293087 2.864243 1.575447 1.559055 1.843965 1.115015 2.922925 3.507662 2.303415 3.258937 4.078311 3.404891 2.687761 3.496309 2.998820 1.622078 2.091006
6.336724 4.099485 6.684095 3.250226 2.921458 1.832866 3.652635 3.836563 4.950147 5.388837 3.858085 6.507339 1.586788 1.638258 2.245984 3.615350 4.556447 4.427270 9.761437 6.307812 5.728140 6.192986 7.223708 2.382372 2.891049 2.290003 1.671573 1.841595 2.770494 3.281149 2.751359 2.419229 2.351754 2.908772 1.227738 2.844201 2.969697 3.394421 3.249546 2.138095 2.989671 2.108532 2.279604 2.165487 2.423242 3.470370 3.493998 3.324268 1.052710 0.870865 1.204915 2.031506 2.323276 1.942910 1.577183 3.862778 3.096047 3.521733 2.634558 3.467801 3.634257 5.490427 4.852145
3.636904 5.191466 2.542610 4.181906 4.368467 1.755424 2.780076 4.322591 3.751747 5.079687 4.941956 4.102939 5.290922 3.314951 2.946897 2.607498 2.763029 3.808629 4.789607 5.281667 4.169905 3.169119 2.161747 2.746417 2.521099 1.398823 1.668246 2.782355 3.166676 2.204878 2.495334 3.023257 1.575146 2.698711 2.964607 3.180677 2.219482 3.037754 2.980519 3.208120 3.675259 3.456119 2.242237 1.052920 5.570384 5.230093 5.291558 4.932482 5.351655 2.468599 1.435845 3.458100 1.989648 7.051329 5.814744 6.582772 6.881883 6.538591 6.242414 5.118363 5.782013 2.998157 6.198545
5.365550 6.440501 5.297842 3.067322 3.438839 3.577338 3.271384 2.743426 4.816141 4.451074 4.938564 3.738589 3.866273 4.855680 4.624109 3.496189 3.297198 1.819667 2.610396 1.879759 2.068035 1.219320 1.977076 0.828390 1.294531 2.930956 3.056750 2.610308 2.926432 1.279735 2.183475 1.476865 1.625551 0.939534 2.390425 2.744466 2.860158 3.503809 3.410970 3.818142 3.489920 5.320997 5.488866 3.361219 3.134277 3.503908 3.322162 3.185804 1.968448 2.991342 3.922173 5.917908 1.617546 1.744222 0.000000 0.000000 1.180647 4.393537 4.998102 4.056049 2.399835 5.198592 2.402143
5.834116 5.550615 5.155870 3.028202 5.882623 5.191402 3.742657 3.053140 3.268389 4.626638 4.208622 3.658729 3.883275 1.775894 3.055296 2.683730 2.334978 1.951130 0.828467 0.860348 1.219005 0.776691 3.121021 1.507654 1.771835 5.086684 0.685649 2.683319 2.287338 1.918411 1.498773 0.755353 2.175872 1.747625 1.659308 3.291345 3.656498 3.081193 3.226330 2.892480 2.829636 2.377913 1.104481 3.283263 3.030357 2.322686 2.967167 3.112912 5.391820 5.397639 4.905898 4.771689 0.000000 0.000000 0.000000 0.000000 0.000000 0.000000 1.414652 4.140482 0.000000 2.506574 4.771483
3.173596 5.360291 5.791799 5.038247 4.519678 3.219220 2.872617 4.443868 2.722736 4.057679 3.985094 2.564303 3.522555 3.306540 2.582584 1.588514 1.260447 7.151483 5.963799 5.552654 2.596623 3.187767 2.906636 3.285147 2.256384 2.794283 0.706085 0.714355 2.625746 0.757693 3.028821 2.584974 3.017398 2.941659 2.729015 1.271110 2.539681 3.750334 3.066352 2.594910 3.053587 3.346332 1.239475 3.317685 5.292323 6.032427 2.404855 3.761027 3.297143 1.960697 3.398033 6.754989 4.239080 3.762926 0.000000 0.000000 0.000000 0.000000 0.000000 0.000000 0.000000 0.000000 0.000000
5.409120 5.354549 3.945977 4.937412 5.326048 5.212003 4.077138 5.538432 5.890452 6.732615 6.134222 3.256661 3.061313 2.681283 2.275721 1.109535 1.904333 1.386927 1.294828 1.746983 3.160855 2.722209 3.508921 3.195309 1.719761 1.763134 0.982280 1.750069 2.469324 0.884960 0.900645 0.964198 0.905881 1.562752 2.286753 1.513625 2.744533 3.377493 5.970091 5.926401 1.832027 3.484279 1.948769 1.504686 3.263049 1.907984 3.375930 5.295511 1.353624 3.242928 3.778893 3.179545 3.172870 7.398460 5.267266 4.298265 4.082355 2.963328 0.000000 0.000000 0.000000 0.000000 0.000000
3.825833 4.541313 5.307269 5.379683 6.409401 6.392735 5.934835 5.686000 5.989775 4.826258 3.842338 2.358879 2.365559 1.269266 1.699067 2.373140 1.821579 1.659554 1.484502 2.501588 1.150199 2.330413 2.074487 1.823782 3.406804 3.098414 2.120498 1.937862 1.915470 3.341205 2.231384 1.602850 2.258443 4.813813 4.358105 2.608479 3.247308 2.052878 3.122012 1.971837 1.637721 1.933813 2.444143 2.435178 2.607030 2.410277 2.953481 1.912754 3.725688 5.198848 3.360386 1.524005 3.411379 4.393416 2.164603 3.988653 6.748041 4.814976 0.000000 0.000000 0.000000 0.000000 0.000000
1.217994 4.540942 4.946079 6.386836 6.255647 7.175125 5.570352 6.205339 4.283014 3.986572 2.644571 2.594030 3.548019 1.497998 2.190225 1.306834 3.178328 2.645463 1.546829 3.043424 2.823615 1.892582 2.041837 1.710270 3.122539 2.645880 1.907311 2.972986 2.968435 1.167185 1.537578 5.657782 2.896575 2.976205 1.254214 3.209529 5.550063 5.601488 6.027763 6.056990 5.127547 4.917750 5.216961 5.792966 5.962756 5.857053 5.890027 3.259887 3.279446 4.066293 2.764417 6.584446 6.748075 3.143760 3.601192 3.976492 3.237768 5.930052 4.372183 4.446457 4.623008 5.572172 5.325384
1.282199 1.493287 3.091681 6.251619 6.499106 5.701511 5.296931 4.405503 1.981015 1.290930 2.395168 2.388728 2.694824 3.283312 3.020551 2.067956 1.861328 1.640465 1.644979 1.458402 2.281801 2.122052 1.818958 2.431349 2.421358 6.844352 5.117098 5.149240 3.692273 4.066473 3.199973 2.177555 1.819565 2.295120 2.755735 1.057698 2.811368 1.360861 1.988608 1.377863 1.567340 2.188109 2.510962 5.762205 4.910943 6.702820 6.390865 5.345131 4.003620 6.058600 2.579812 3.624252 3.291420 6.626561 5.556084 3.513562 3.674009 2.642105 3.017728 2.052580 3.345927 2.924939 2.805544
0.862853 1.521081 1.527345 2.034665 2.427571 1.711049 3.206149 2.393345 2.670289 2.347111 2.084367 3.004170 2.606753 3.168697 3.400788 3.059021 2.349406 3.072772 2.794498 2.634446 2.217826 6.909928 5.317241 5.422629 6.565441 6.614201 3.057100 1.844214 2.428964 0.000000 1.530850 4.761822 5.141623 4.508732 4.668761 4.061630 4.095421 1.618597 2.233524 0.935129 1.346149 2.104148 3.617050 1.991665 1.592855 3.139544 6.222475 5.214485 6.180940 4.050629 7.242897 6.362864 3.338949 2.693399 4.149137 5.470567 5.969923 3.220939 3.885697 2.733045 2.837779 3.993582 4.009305
3.292908 1.982654 1.294211 2.790929 2.316910 2.430714 5.276849 6.294278 6.680493 6.601201 6.122026 5.865082 5.926009 5.811964 5.669973 6.174724 6.552440 5.704083 5.564168 6.280953 6.078005 6.401959 5.007554 4.110459 4.006845 5.214406 4.752665 3.200274 2.091933 0.000000 0.000000 0.000000 0.000000 0.000000 0.000000 0.000000 0.000000 2.562610 5.332572 1.448855 1.643509 2.308053 3.664876 3.956988 2.766303 3.554104 3.536912 4.250812 4.245453 4.132365 4.017107 4.545176 3.830305 6.864921 2.230468 3.549139 6.513570 6.066380 7.153860 3.312702 3.136567 3.359508 4.284405
3.951440 5.112274 6.181633 6.224936 6.428549 5.073321 5.682699 2.782763 2.383544 2.735674 3.438278 2.228973 0.000000 0.000000 0.000000 0.000000 3.465483 4.792472 0.000000 1.891389 4.330531 4.354437 4.966103 4.002430 4.171557 3.179470 3.592469 2.913030 0.000000 0.000000 0.000000 0.000000 0.000000 0.000000 0.000000 0.000000 0.000000 0.000000 0.000000 0.256138 4.774613 6.096569 6.312869 6.642878 1.286978 2.336585 3.249482 3.459217 2.540702 3.007907 2.395599 3.333111 2.943887 3.578853 3.032904 2.677326 2.894037 2.676483 3.626582 3.651874 3.859897 4.403168 4.232058
0.000000 0.000000 0.000000 0.000000 0.000000 0.000000 0.000000 0.000000 0.000000 0.000000 0.000000 0.000000 0.000000 0.000000 0.000000 0.000000 0.000000 0.000000 0.000000 0.000000 0.000000 0.000000 1.607774 2.146092 2.194311 1.750937 4.480386 4.234815 0.000000 0.000000 0.000000 0.000000 0.000000 0.000000 0.000000 0.000000 0.000000 0.000000 0.000000 0.000000 0.000000 0.000000 0.000000 2.982491 3.237216 4.679650 4.390186 5.675536 5.535151 4.879528 4.550393 4.474963 6.194306 3.267925 3.856094 3.953829 4.041271 7.836718 7.427369 5.064840 5.771266 7.623381 5.862249
0.000000 0.000000 0.000000 0.000000 0.000000 0.000000 0.000000 0.000000 0.000000 0.000000 0.000000 0.000000 0.000000 0.000000 0.000000 0.000000 0.000000 0.000000 0.000000 0.000000 0.000000 0.000000 0.000000 0.000000 0.000000 0.000000 0.000000 0.000000 0.000000 0.000000 0.000000 0.000000 0.000000 0.000000 0.000000 0.000000 0.000000 0.000000 0.000000 0.000000 0.000000 0.000000 0.000000 0.000000 0.000000 0.000000 0.000000 0.000000 0.000000 0.000000 0.000000 0.000000 0.000000 1.949526 7.148662 3.762178 4.511629 4.662091 8.104229 6.183414 5.696967 5.349354 5.638350
0.000000 0.000000 0.000000 0.000000 0.000000 0.000000 0.000000 0.000000 0.000000 0.000000 0.000000 0.000000 0.000000 0.000000 0.000000 0.000000 0.000000 0.000000 0.000000 0.000000 0.000000 0.000000 0.000000 0.000000 0.000000 0.000000 0.000000 0.000000 0.000000 0.000000 0.000000 0.000000 0.000000 0.000000 0.000000 0.000000 0.000000 0.000000 0.000000 0.000000 0.000000 0.000000 0.000000 0.000000 0.000000 0.000000 0.000000 0.000000 0.000000 0.000000 0.000000 0.000000 0.000000 0.000000 3.434898 5.677539 4.810961 3.030147 4.533136 4.792808 3.604021 3.638184 3.642376
0.000000 0.000000 0.000000 0.000000 0.000000 0.000000 0.000000 0.000000 0.000000 0.000000 0.000000 0.000000 0.000000 0.000000 0.000000 0.000000 0.000000 0.000000 0.000000 0.000000 0.000000 0.000000 0.000000 0.000000 0.000000 0.000000 0.000000 0.000000 0.000000 0.000000 0.000000 0.000000 0.000000 0.000000 0.000000 0.000000 0.000000 0.000000 0.000000 0.000000 0.000000 0.000000 0.000000 0.000000 0.000000 0.000000 0.000000 0.000000 0.000000 0.000000 0.000000 0.000000 0.000000 0.000000 0.000000 1.719020 4.756636 7.435439 4.521333 4.305776 4.672782 4.134159 4.267967
0.000000 0.000000 0.000000 0.000000 0.000000 0.000000 0.000000 0.000000 0.000000 0.000000 0.000000 0.000000 0.000000 0.000000 0.000000 0.000000 0.000000 0.000000 0.000000 0.000000 0.000000 0.000000 0.000000 0.000000 0.000000 0.000000 0.000000 0.000000 0.000000 0.000000 0.000000 0.000000 0.000000 0.000000 0.000000 0.000000 0.000000 0.000000 0.000000 0.000000 0.000000 0.000000 0.000000 0.000000 0.000000 0.000000 0.000000 0.000000 0.000000 0.000000 0.000000 0.000000 0.000000 0.000000 0.000000 0.000000 0.000000 0.393060 2.722343 4.847134 4.978213 4.392997 4.968686
0.000000 0.000000 0.000000 0.000000 0.000000 0.000000 0.000000 0.000000 0.000000 0.000000 0.000000 0.000000 0.000000 0.000000 0.000000 0.000000 0.000000 0.000000 0.000000 0.000000 0.000000 0.000000 0.000000 0.000000 0.000000 0.000000 0.000000 0.000000 0.000000 0.000000 0.000000 0.000000 0.000000 0.000000 0.000000 0.000000 0.000000 0.000000 0.000000 0.000000 0.000000 0.000000 0.000000 0.000000 0.000000 0.000000 0.000000 0.000000 0.000000 0.000000 0.000000 0.000000 0.000000 0.000000 0.000000 0.000000 0.000000 0.000000 0.000000 0.000000 0.000000 0.000000 0.000000
