data/2006/output_2006_000000020000_SolidifiedLavaThickness.asc
ncols		517
nrows		378
xllcorner	499547.500000
yllcorner	4174982.500000
cellsize	10.000000
NODATA_value	0.000000
[rows 112 to 139 of 378, columns 63 to 125 of 517]
7.477869 7.477869 7.477869 7.477869 7.477869 7.477869 7.477869 7.477869 7.477869 7.477869 7.477869 7.477869 7.477869 7.477869 7.477869 7.477869 7.477869 7.477869 7.477869 7.477869 7.477869 7.477869 7.477870 7.477871 7.477874 7.477879 7.477888 7.477902 7.477924 7.477953 7.477995 7.478047 7.478107 7.478177 7.478266 7.478377 7.478483 7.478515 7.478505 7.478323 7.477750 8.208829 7.935894 7.462228 7.462228 7.449399 2.846657 7.302929 7.302929 7.302929 7.247659 7.188607 7.113806 7.013943 1.527240 0.000000 0.000000 0.000000 0.000000 0.000000 0.000000 0.000000 0.000000
7.477869 7.477869 7.477869 7.477869 7.477869 7.477869 7.477869 7.477869 7.477869 7.477869 7.477869 7.477869 7.477869 7.477869 7.477869 7.477869 7.477869 7.477869 7.477869 7.477869 7.477869 7.477869 7.477870 7.477871 7.477873 7.477877 7.477885 7.477898 7.477918 7.477947 7.477985 7.478035 7.478095 7.478166 7.478255 7.478366 7.478490 7.478556 7.478514 8.869179 8.659788 7.477114 7.935894 7.471253 7.462228 7.449399 7.420701 7.350258 7.350258 7.302929 7.247659 7.113806 7.113806 7.013943 6.885697 0.658064 0.658064 0.000000 0.000000 0.000000 0.000000 0.000000 0.000000
7.477869 7.477869 7.477869 7.477869 7.477869 7.477869 7.477869 7.477869 7.477869 7.477869 7.477869 7.477869 7.477869 7.477869 7.477869 7.477869 7.477869 7.477869 7.477869 7.477869 7.477869 7.477869 7.477870 7.477870 7.477872 7.477876 7.477884 7.477896 7.477915 7.477943 7.477979 7.478028 7.478088 7.478161 7.478254 7.478371 7.478507 7.478592 7.478577 8.869179 7.935894 7.935894 7.476125 7.643205 7.462228 7.449399 7.420701 7.387072 7.350258 7.302929 2.931324 7.013943 7.013943 7.013943 6.885697 6.714419 1.480644 0.000000 0.000000 0.000000 0.000000 0.000000 0.000000
7.477869 7.477869 7.477869 7.477869 7.477869 7.477869 7.477869 7.477869 7.477869 7.477869 7.477869 7.477869 7.477869 7.477869 7.477869 7.477869 7.477869 7.477869 7.477869 7.477869 7.477869 7.477869 7.477870 7.477871 7.477873 7.477877 7.477885 7.477897 7.477917 7.477944 7.477982 7.478037 7.478100 7.478178 7.478278 7.478410 7.478555 7.478627 7.478577 8.869179 8.148321 7.474994 7.869569 7.735546 7.420701 7.420701 7.420701 7.387072 7.350258 3.773802 3.773802 0.667636 6.885697 6.885697 6.885697 6.714419 6.470538 0.752498 0.752498 0.000000 0.000000 0.000000 0.000000
7.477869 7.477869 7.477869 7.477869 7.477869 7.477869 7.477869 7.477869 7.477869 7.477869 7.477869 7.477869 7.477869 7.477869 7.477869 7.477869 7.477869 7.477869 7.477869 7.477869 7.477869 7.477869 7.477870 7.477871 7.477874 7.477878 7.477887 7.477901 7.477922 7.477956 7.478004 7.478061 7.478131 7.478216 7.478334 7.478491 7.478650 7.478657 7.478577 8.836386 7.477360 8.297748 7.467722 7.735546 7.612568 7.387072 7.387072 7.387072 6.605088 6.099383 3.773747 0.667636 1.502181 6.714419 6.714419 6.714419 6.470538 6.077389 1.693120 0.000000 0.000000 0.000000 0.000000
7.477869 7.477869 7.477869 7.477869 7.477869 7.477869 7.477869 7.477869 7.477869 7.477869 7.477869 7.477869 7.477869 7.477869 7.477869 7.477869 7.477869 7.477869 7.477869 7.477869 7.477869 7.477870 7.477870 7.477872 7.477875 7.477881 7.477891 7.477907 7.477932 7.477969 7.478026 7.478095 7.478170 7.478274 7.478398 7.478528 7.478678 8.935808 8.860018 7.478181 7.477360 8.297748 7.735546 7.445406 7.612568 7.489737 6.605088 6.605088 6.605088 6.099383 5.991938 0.000000 0.000000 0.681829 6.470538 6.470538 6.470538 6.077389 4.138471 0.000000 0.000000 0.000000 0.000000
7.477869 7.477869 7.477869 7.477869 7.477869 7.477869 7.477869 7.477869 7.477869 7.477869 7.477869 7.477869 7.477869 7.477869 7.477869 7.477869 7.477869 7.477869 7.477869 7.477869 7.477869 7.477870 7.477871 7.477873 7.477877 7.477885 7.477898 7.477918 7.477947 7.477989 7.478057 7.478143 7.478261 7.478372 7.478503 7.478651 7.478698 7.478674 7.478400 8.590090 7.477360 8.297748 7.982021 7.612568 7.430502 7.489737 7.402936 6.099383 6.099383 6.099383 5.991938 1.446896 0.000000 0.681829 1.534116 6.077389 6.077389 6.077389 4.091844 0.000000 0.000000 0.000000 0.000000
7.477869 7.477869 7.477869 7.477869 7.477869 7.477869 7.477869 7.477869 7.477869 7.477869 7.477869 7.477869 7.477869 7.477869 7.477869 7.477869 7.477869 7.477869 7.477869 7.477869 7.477870 7.477870 7.477872 7.477874 7.477882 7.477891 7.477907 7.477932 7.477968 7.478021 7.478094 7.478205 7.478329 7.478441 7.478752 7.478830 7.478698 7.478674 8.793872 7.477277 8.416896 7.470277 7.982021 7.752322 7.489737 7.452397 7.402936 7.371472 5.991938 5.991938 5.991938 2.124581 0.000000 0.000000 0.000000 0.000000 4.190934 4.190934 4.190934 0.000000 0.000000 0.000000 0.000000
7.477869 7.477869 7.477869 7.477869 7.477869 7.477869 7.477869 7.477869 7.477869 7.477869 7.477869 7.477869 7.477869 7.477869 7.477869 7.477869 7.477869 7.477870 7.477870 7.477870 7.477870 7.477871 7.477873 7.477878 7.477885 7.477900 7.477921 7.477951 7.477998 7.478065 7.478168 7.478319 9.307428 7.478769 7.478814 7.478830 9.093219 7.476852 7.476852 8.440390 8.416896 7.982021 7.466358 7.752322 7.459337 7.452397 7.425692 7.371472 5.743806 5.743806 5.743713 1.700455 0.000000 0.000000 0.000000 0.000000 0.000000 0.000000 0.000000 0.000000 0.000000 0.000000 0.000000
7.477868 7.477869 7.477869 7.477869 7.477869 7.477869 7.477869 7.477869 7.477869 7.477869 7.477869 7.477869 7.477870 7.477870 7.477870 7.477870 7.477870 7.477870 7.477870 7.477871 7.477872 7.477873 7.477877 7.477883 7.477893 7.477909 7.477936 7.477979 7.478036 7.478129 7.478246 7.478469 7.478694 9.249691 7.478863 7.524192 9.094682 9.089534 9.087793 7.469799 8.077832 7.620516 7.776569 7.463020 7.526406 7.452397 7.425692 7.398384 6.299574 6.299574 5.703323 2.380637 0.000000 0.000000 0.000000 0.000000 0.000000 0.000000 0.000000 0.000000 0.000000 0.000000 0.000000
7.477867 7.477868 7.477868 7.477869 7.477869 7.477869 7.477869 7.477869 7.477869 7.477869 7.477869 7.477870 7.477870 7.477870 7.477870 7.477871 7.477871 7.477871 7.477872 7.477873 7.477876 7.477878 7.477883 7.477891 7.477904 7.477926 7.477958 7.478010 7.478094 7.478199 7.478346 7.478540 7.478867 9.249691 7.479501 7.775498 8.773599 8.737406 9.087793 8.077832 7.468152 7.776648 7.776569 7.526406 7.526406 7.425692 7.425692 7.398384 7.372231 6.299574 5.703331 3.407262 0.000000 0.000000 0.000000 0.000000 0.000000 0.000000 0.000000 0.000000 0.000000 0.000000 0.000000
7.477864 7.477865 7.477867 7.477867 7.477868 7.477868 7.477868 7.477869 7.477869 7.477869 7.477869 7.477870 7.477870 7.477871 7.477871 7.477872 7.477873 7.477874 7.477876 7.477878 7.477881 7.477887 7.477892 7.477905 7.477921 7.477950 7.477993 7.478055 7.478173 7.478303 7.478491 7.478698 7.478907 7.479257 7.479529 9.110340 8.294138 9.089534 9.087793 7.776648 7.776648 7.467089 7.549700 7.457994 7.212915 7.398384 7.398384 7.398384 7.372231 7.337256 2.498213 2.000101 0.000000 0.000000 0.000000 0.000000 0.000000 0.000000 0.000000 0.000000 0.000000 0.000000 0.000000
7.477858 7.477861 7.477863 7.477865 7.477866 7.477867 7.477867 7.477868 7.477868 7.477869 7.477869 7.477870 7.477871 7.477872 7.477873 7.477875 7.477877 7.477879 7.477882 7.477886 7.477891 7.477899 7.477912 7.477924 7.477950 7.477984 7.478042 7.478134 7.478257 7.478458 7.478700 7.479002 7.479151 7.479423 9.147249 9.108403 9.088744 8.461271 9.086980 7.549572 7.549699 7.549700 7.464670 7.457994 7.437888 7.313668 7.372231 7.372231 7.372231 7.337256 7.292478 2.421928 0.000000 0.000000 0.000000 0.000000 0.000000 0.000000 0.000000 0.000000 0.000000 0.000000 0.000000
7.477849 7.477854 7.477857 7.477860 7.477862 7.477863 7.477865 7.477866 7.477867 7.477868 7.477869 7.477871 7.477873 7.477875 7.477877 7.477880 7.477883 7.477887 7.477892 7.477898 7.477906 7.477917 7.477934 7.477961 7.477989 7.478042 7.478120 7.478247 7.478421 7.478664 7.478974 7.479478 9.268184 7.479422 7.479513 8.762340 9.086980 9.086980 9.086980 7.669101 7.669101 7.549572 7.457994 7.457994 7.437888 7.421374 7.313668 7.337256 7.337256 7.337256 7.292478 7.234681 0.778524 0.778524 0.000000 0.000000 0.000000 0.000000 0.000000 0.000000 0.000000 0.000000 0.000000
7.477837 7.477843 7.477849 7.477853 7.477856 7.477859 7.477862 7.477864 7.477866 7.477868 7.477870 7.477873 7.477876 7.477879 7.477883 7.477887 7.477893 7.477899 7.477907 7.477917 7.477930 7.477947 7.477970 7.478007 7.478063 7.478130 7.478246 7.478417 7.478667 7.478953 7.479500 7.479940 9.263589 9.087369 9.036882 7.479534 7.479460 8.242970 7.675346 7.675346 7.669101 7.419123 7.437888 7.437888 7.437888 7.421374 7.389547 7.181749 7.292478 7.292478 7.292478 7.234681 7.162560 1.751680 0.000000 0.000000 0.000000 0.000000 0.000000 0.000000 0.000000 0.000000 0.000000
7.477821 7.477831 7.477838 7.477844 7.477849 7.477854 7.477858 7.477861 7.477864 7.477868 7.477871 7.477876 7.477881 7.477886 7.477892 7.477899 7.477908 7.477918 7.477931 7.477946 7.477967 7.477992 7.478028 7.478079 7.478160 7.478286 7.478448 7.478686 7.479025 7.479848 7.480429 7.481322 7.479994 7.483340 9.036882 8.993282 7.479460 8.242970 7.484461 7.675346 7.669101 7.236303 7.236303 7.421374 7.421374 7.421374 7.389547 7.181749 3.738232 7.234681 7.234681 7.234681 7.162560 7.068168 1.713990 1.713990 0.000000 0.000000 0.000000 0.000000 0.000000 0.000000 0.000000
7.477804 7.477816 7.477825 7.477833 7.477841 7.477848 7.477854 7.477861 7.477867 7.477872 7.477877 7.477884 7.477892 7.477899 7.477909 7.477921 7.477935 7.477951 7.477971 7.477994 7.478027 7.478068 7.478123 7.478200 7.478307 7.478482 7.478754 7.479153 7.479903 7.481810 7.488551 9.288113 7.481024 7.481024 7.490888 8.993282 8.007946 7.477824 7.675513 7.675346 7.285382 7.285382 7.236303 6.823727 7.389547 7.389547 7.389547 7.302594 3.881162 1.022937 7.162560 7.162560 7.162560 7.068168 6.936882 1.690543 0.000000 0.000000 0.000000 0.000000 0.000000 0.000000 0.000000
7.477787 7.477802 7.477815 7.477826 7.477836 7.477848 7.477858 7.477868 7.477876 7.477885 7.477892 7.477902 7.477913 7.477927 7.477942 7.477960 7.477982 7.478008 7.478038 7.478077 7.478126 7.478190 7.478273 7.478387 7.478545 7.478767 7.479138 7.479927 7.481374 7.485443 7.505958 9.287840 7.487240 7.484708 9.000528 8.993282 7.675513 7.675513 7.474084 7.462381 7.445962 7.285382 7.236303 7.011048 7.350480 7.350480 7.350480 7.302594 7.249899 0.745253 0.745253 7.068168 7.068168 7.068168 6.936882 6.741366 0.810771 0.810771 0.000000 0.000000 0.000000 0.000000 0.000000
7.477782 7.477802 7.477819 7.477835 7.477849 7.477865 7.477879 7.477893 7.477904 7.477915 7.477927 7.477941 7.477959 7.477979 7.478004 7.478032 7.478067 7.478108 7.478155 7.478214 7.478293 7.478389 7.478516 7.478680 7.478897 7.479201 7.479700 7.480717 7.484638 7.492624 7.500814 9.287834 9.106857 8.991749 7.486752 8.583770 8.315374 7.462381 7.462381 7.462381 7.445962 7.425210 7.212162 7.212162 7.011048 7.302594 7.302594 7.302594 7.249899 7.185512 1.676819 2.035087 6.936882 6.936882 6.936882 6.741366 6.395028 1.824235 0.000000 0.000000 0.000000 0.000000 0.000000
7.477822 7.477842 7.477855 7.477874 7.477893 7.477914 7.477931 7.477950 7.477965 7.477975 7.477998 7.478020 7.478051 7.478084 7.478125 7.478166 7.478218 7.478282 7.478356 7.478446 7.478559 7.478707 7.478904 7.479150 7.479445 7.479865 7.480549 7.481904 7.486360 9.315623 9.285598 7.514757 9.106857 8.081376 8.583770 7.488487 8.315374 8.057943 7.445962 7.445962 7.445962 7.425210 7.405148 7.212162 7.313532 7.313532 7.313532 7.249899 7.249899 7.185512 7.105207 0.000000 0.770280 6.741366 6.741366 6.741366 6.395028 3.727751 0.000000 0.000000 0.000000 0.000000 0.000000
7.477918 7.477928 7.477943 7.477968 7.477988 7.478015 7.478040 7.478064 7.478084 7.478105 7.478141 7.478177 7.478227 7.478281 7.478346 7.478416 7.478490 7.478580 7.478685 7.478820 7.478993 7.479228 7.479549 7.479957 7.480387 7.480917 7.481789 7.483589 7.487391 7.493110 7.515523 7.527198 9.106857 8.845402 8.583701 8.315374 7.489779 8.057943 7.805434 7.425210 7.425210 7.425210 7.405148 7.384137 7.339791 7.339791 7.313532 7.287084 7.185512 7.185512 7.105207 0.000000 0.770280 1.733131 6.395028 6.395028 6.395028 3.991008 0.000000 0.000000 0.000000 0.000000 0.000000
7.478102 7.478102 7.478117 7.478151 7.478183 7.478223 7.478259 7.478296 7.478314 7.478357 7.478417 7.478483 7.478566 7.478656 7.478758 7.478908 7.479019 7.479118 7.479254 7.479443 7.479717 7.480075 7.480582 7.481786 7.482254 7.482695 7.483956 7.486297 7.491037 7.497470 7.506000 9.082043 7.543014 8.845402 8.056251 7.760893 8.057943 7.489936 7.805434 7.572367 7.405148 7.405148 7.405148 7.384137 7.362166 7.339791 7.313532 7.287084 7.205150 7.105207 7.105207 0.000000 0.000000 0.000000 0.000000 3.795676 3.795676 3.795676 0.000000 0.000000 0.000000 0.000000 0.000000
7.478426 7.478436 7.478460 7.478514 7.478567 7.478637 7.478699 7.478752 7.478792 7.478871 7.478972 7.479094 7.479245 7.479425 7.479655 7.479901 7.480119 7.480209 7.480255 7.480518 7.480893 7.481450 7.482395 7.483538 9.356675 7.485842 7.487618 7.490220 7.495474 7.507368 9.125815 7.515394 7.560352 8.845402 8.056251 8.056251 8.056251 7.805434 7.489283 7.572367 7.462746 7.384137 7.384137 7.384137 7.362166 7.339791 7.287084 7.287084 7.205150 7.111958 5.009240 5.009240 0.000000 0.000000 0.000000 0.000000 0.000000 0.000000 0.000000 0.000000 0.000000 0.000000 0.000000
7.479111 7.479079 7.479140 7.479226 7.479308 7.479486 7.479639 7.479701 7.479814 7.479952 7.480152 7.480398 7.480678 7.481024 7.481882 7.482473 7.482611 7.482432 7.482396 7.482265 7.482832 7.483775 7.485082 7.488004 7.489693 7.506163 7.494525 7.495443 7.501161 7.516056 9.119805 7.553913 7.541845 8.713827 8.192643 8.132091 5.327447 7.572367 7.572367 7.484127 7.462746 7.438989 7.362166 7.362166 7.362166 5.825165 7.205150 7.205150 7.205150 7.111958 7.037531 5.009240 0.000000 0.000000 0.000000 0.000000 0.000000 0.000000 0.000000 0.000000 0.000000 0.000000 0.000000
7.480347 7.480419 7.480404 7.480482 7.480974 7.481606 7.481787 7.482024 7.482022 7.482319 7.482613 7.483049 7.483846 7.484502 7.484772 9.419946 7.486760 7.487146 7.486184 7.485553 7.485416 7.487809 7.491387 7.490432 9.265763 7.503737 9.201592 7.506903 7.510384 7.518521 9.094142 8.682694 8.682694 7.550407 7.595300 8.132091 5.327447 5.327447 7.462746 7.462746 7.462746 7.438989 7.411755 5.825165 5.825165 5.825165 5.504294 7.111958 7.111958 7.111958 7.037531 6.961961 0.726789 0.726789 0.000000 0.000000 0.000000 0.000000 0.000000 0.000000 0.000000 0.000000 0.000000
7.482440 7.482524 7.482672 7.482697 7.484559 7.487092 7.486972 7.485413 7.487148 7.486446 7.487157 7.488451 7.490643 7.494734 7.490796 7.492012 7.496521 9.357211 7.492244 7.490503 7.489471 7.490894 9.260690 9.249447 7.498761 9.167643 9.167643 7.594961 7.544281 7.525950 9.035658 8.537275 8.192643 8.192643 7.568338 8.132091 7.727792 7.697001 7.409012 7.438989 7.438989 7.438989 7.411755 7.376907 6.410080 6.410080 5.504294 4.260031 7.037531 7.037531 7.037531 6.961961 6.853538 1.635275 0.000000 0.000000 0.000000 0.000000 0.000000 0.000000 0.000000 0.000000 0.000000
7.485346 9.127210 7.484448 7.485573 9.235946 9.258865 7.491114 7.500490 7.491674 9.310014 7.490963 7.501883 7.533106 9.339209 7.513620 7.499193 9.311037 9.311037 9.253679 7.495850 7.496986 7.494353 7.496298 7.528250 9.015014 7.502153 9.056211 9.056211 9.056211 9.026053 7.531664 8.537275 8.259334 7.976483 7.976483 7.581333 7.624020 7.697001 7.695089 7.409012 7.411755 7.411755 7.411755 7.376907 7.333110 6.410080 5.504294 0.000000 1.618010 6.961961 6.961961 6.961961 6.853538 6.639071 0.000000 0.000000 0.000000 0.000000 0.000000 0.000000 0.000000 0.000000 0.000000
9.019721 7.488005 7.488085 7.488939 9.072206 7.493505 9.247622 9.247623 9.247623 7.494379 7.500080 9.315187 9.315187 9.315187 9.299438 9.299438 7.510127 9.091932 7.518000 7.503078 9.155366 9.155366 7.502768 9.047350 9.013103 8.785602 7.506013 8.580167 8.383662 8.537275 8.537275 7.538602 8.259334 7.989204 7.727792 7.727792 7.606048 7.675558 7.695089 7.409012 7.096181 7.376907 7.376907 7.376907 7.333110 7.275123 4.010199 0.000000 1.618010 1.594722 6.853538 6.853538 6.853538 6.639071 5.825802 0.000000 0.000000 0.000000 0.000000 0.000000 0.000000 0.000000 0.000000
