data/2006/output_2006_000000016000_SolidifiedLavaThickness.asc
ncols		517
nrows		378
xllcorner	499547.500000
yllcorner	4174982.500000
cellsize	10.000000
NODATA_value	0.000000
[rows 168 to 195 of 378, columns 252 to 314 of 517]
2.535777 0.000000 0.000000 0.000000 0.000000 0.000000 0.000000 0.000000 0.000000 0.000000 0.000000 0.000000 0.000000 0.000000 0.000000 0.000000 0.000000 0.000000 0.000000 0.000000 0.000000 0.000000 0.000000 0.000000 0.000000 0.000000 0.000000 0.000000 0.000000 0.000000 0.000000 0.000000 0.000000 0.000000 0.000000 0.000000 0.000000 0.000000 0.000000 0.000000 0.000000 0.000000 0.000000 0.000000 0.000000 0.000000 0.000000 0.000000 0.000000 0.000000 0.000000 0.000000 0.000000 0.000000 0.000000 0.000000 0.000000 0.000000 0.000000 0.000000 0.000000 0.000000 0.000000
6.275599 3.462768 1.959548 1.285324 0.000000 0.000000 0.000000 0.000000 0.000000 0.000000 0.000000 0.000000 0.000000 0.000000 0.000000 0.000000 0.000000 0.000000 0.000000 0.000000 0.000000 0.000000 0.000000 0.000000 0.000000 0.000000 0.000000 0.000000 0.000000 0.000000 0.000000 0.000000 0.000000 0.000000 0.000000 0.000000 0.000000 0.000000 0.000000 0.000000 0.000000 0.000000 0.000000 0.000000 0.000000 0.000000 0.000000 0.000000 0.000000 0.000000 0.000000 0.000000 0.000000 0.000000 0.000000 0.000000 0.000000 0.000000 0.000000 0.000000 0.000000 0.000000 0.000000
2.584761 2.714206 4.116287 5.735557 3.383403 3.211232 0.000000 0.000000 0.000000 0.000000 0.000000 0.000000 0.000000 0.000000 0.000000 0.000000 0.000000 0.000000 0.000000 0.000000 0.000000 0.000000 0.000000 0.000000 0.000000 0.000000 0.000000 0.000000 0.000000 0.000000 0.000000 0.000000 0.000000 0.000000 0.000000 0.000000 0.000000 0.000000 0.000000 0.000000 0.000000 0.000000 0.000000 0.000000 0.000000 0.000000 0.000000 0.000000 0.000000 0.000000 0.000000 0.000000 0.000000 0.000000 0.000000 0.000000 0.000000 0.000000 0.000000 0.000000 0.000000 2.097589 0.000000
4.107977 1.506689 3.436084 3.193024 2.718444 6.278177 4.878083 0.000000 0.000000 0.000000 0.000000 0.000000 0.000000 0.000000 0.000000 0.000000 0.000000 0.000000 0.000000 0.000000 0.000000 0.000000 0.000000 0.000000 0.000000 0.000000 0.000000 0.000000 0.000000 0.000000 0.000000 0.000000 0.000000 0.000000 0.000000 0.000000 0.000000 0.000000 0.000000 0.000000 0.000000 0.000000 0.000000 0.000000 0.000000 0.000000 0.000000 0.000000 0.000000 0.000000 0.000000 0.000000 0.000000 0.000000 0.000000 0.000000 1.791630 1.974846 5.735897 6.341795 6.731541 6.015488 5.055950
1.554322 1.631957 3.993944 1.970536 3.551343 5.227405 7.105292 3.085922 3.600497 0.000000 0.000000 0.000000 0.000000 0.000000 0.000000 0.000000 0.000000 0.000000 0.000000 0.000000 0.000000 0.000000 0.000000 0.000000 0.000000 0.000000 0.000000 0.000000 0.000000 0.000000 0.000000 0.000000 0.000000 0.000000 0.000000 0.000000 0.000000 0.000000 0.000000 0.000000 0.000000 0.000000 0.000000 2.396145 4.158417 4.651649 4.203767 2.792482 0.000000 0.000000 0.000000 0.000000 0.000000 3.288867 4.828101 5.897799 6.287080 3.344740 4.052231 2.656053 2.764417 2.804352 4.117245
1.303400 2.686712 1.578349 1.719229 4.241594 2.640400 4.374812 3.201011 6.651970 4.325323 4.417959 0.000000 0.000000 0.000000 0.000000 0.000000 0.000000 0.000000 0.000000 0.000000 0.000000 0.000000 0.000000 0.000000 0.000000 0.000000 0.000000 0.000000 0.000000 0.000000 0.000000 0.000000 0.000000 0.000000 0.000000 2.325780 3.669259 4.782222 5.284804 4.428661 3.419580 3.640108 6.126275 4.150780 3.233773 3.701028 5.974058 5.005166 5.109934 5.362643 5.435809 5.467176 3.449735 1.705374 2.327384 2.062998 1.549195 2.628894 3.178178 3.106421 3.338019 3.312037 3.227535
1.423908 2.151687 3.477531 3.057092 2.814675 2.483181 5.393208 3.152776 3.924667 5.350246 7.133735 5.205713 4.110411 2.325227 0.000000 0.000000 0.000000 0.000000 0.000000 0.000000 0.000000 0.000000 0.000000 0.000000 0.000000 0.000000 0.000000 0.000000 0.000000 0.000000 0.000000 1.289225 3.730946 4.851338 5.933081 6.724187 3.738883 4.037521 4.240124 3.381901 2.093522 2.461524 3.759864 3.657516 3.606459 3.442620 3.074559 1.418330 1.109722 1.328967 1.847265 2.742991 2.662493 2.503188 2.498498 2.523477 1.586251 2.494177 3.175598 3.467188 3.055550 3.365921 2.786225
2.084746 2.051218 4.224725 4.186367 2.784306 3.630532 3.517546 2.967608 5.871152 4.143920 5.236482 5.566766 5.319893 5.258352 4.205373 5.467671 5.108913 0.000000 0.000000 0.000000 0.000000 0.000000 0.000000 0.000000 0.000000 0.000000 0.000000 0.000000 0.807124 4.928444 6.387627 2.161040 2.566082 2.782686 3.310173 3.104982 2.956622 2.624744 1.557581 1.419958 1.359372 2.573371 4.156936 2.983429 3.610775 1.971609 3.920259 2.447631 2.625376 1.922914 1.945599 1.405583 3.461382 2.415914 3.382107 3.991724 2.425881 2.973329 3.267153 3.219718 4.251967 4.148535 3.316268
1.470873 4.143021 1.959323 1.569237 4.517579 3.261719 3.600180 3.338178 2.853778 2.841978 5.318167 2.547209 5.336250 5.311284 3.231069 3.932235 7.892739 6.949750 7.647090 6.198128 0.000000 0.000000 0.000000 0.000000 0.000000 0.000000 1.932889 5.947140 0.835614 2.275380 3.103060 2.866776 1.525043 2.160672 1.974586 2.481321 2.883415 1.901573 1.747484 1.688211 2.657241 3.890234 1.717840 1.983774 2.991390 3.340254 3.690109 3.339839 2.013905 3.409452 2.299290 2.687694 3.480644 1.341992 2.525962 2.921095 3.784670 2.741193 2.430268 2.286002 1.963542 2.850084 2.742244
4.220389 3.774070 2.727421 3.115940 3.086905 4.355624 2.995820 3.202118 3.503968 3.439883 2.825191 5.864743 5.382834 4.382960 3.207996 4.127846 5.447000 5.605223 7.612932 7.483552 0.000000 0.000000 0.000000 3.180862 5.914315 7.190579 3.029151 1.920424 1.839396 1.999158 1.575223 1.602679 1.616695 1.201033 2.415750 3.122476 2.649048 2.688285 3.778278 1.408920 3.400797 3.082829 3.066822 3.967284 2.940990 2.418644 2.265557 2.835700 0.981583 3.065407 0.949250 0.941996 2.750826 3.537085 3.180198 3.125210 3.462350 3.046479 2.640668 2.961305 3.506707 1.472662 2.093554
6.336724 3.932077 6.197367 4.808879 3.248012 1.677205 4.573705 3.829465 4.546573 4.507581 3.638373 2.938558 4.459230 1.562854 1.425164 3.040314 4.105179 5.764292 9.197242 6.307812 5.728140 6.192986 7.223708 1.243272 2.389104 2.388235 2.901825 2.829989 0.860863 1.879471 3.179985 2.903327 3.807975 1.354336 2.110446 3.210638 3.195310 3.258628 3.232337 1.732144 2.848831 3.062371 3.642392 3.697271 3.823372 3.545062 3.447955 3.183929 3.448678 3.280896 3.165545 1.941055 3.712401 2.562081 2.144006 3.816855 2.990305 2.919943 2.442433 3.068059 3.282584 5.490427 4.852145
4.330399 5.191466 2.542610 4.181906 4.431116 2.253357 2.236494 3.561835 3.732494 5.158798 4.864239 4.305906 3.931648 6.121767 2.617389 2.698845 2.980517 3.921180 5.390843 4.623552 4.479069 3.305651 1.980727 2.464285 1.114642 2.977695 3.076450 3.232707 1.817387 1.382464 1.676318 0.849810 2.779770 3.412928 3.301788 3.608596 2.258198 3.321319 3.864197 2.305059 2.472627 2.136774 3.533401 2.168015 5.570384 5.230093 5.291558 4.932482 5.351655 3.140574 2.028059 3.281371 1.429951 7.051329 5.814744 6.582772 6.881883 6.538591 6.242414 5.118363 5.782013 3.443784 6.198545
1.335716 2.940313 5.297842 3.067322 3.438839 4.091612 3.504966 2.695884 4.747169 4.195148 4.935663 4.156720 4.053136 3.939288 4.943442 3.989061 1.336331 2.160330 2.339872 1.602928 1.396843 0.796556 1.347762 3.457642 2.135969 1.038970 2.968072 2.891813 2.964906 1.277106 2.628266 1.656581 2.163885 2.070531 1.964276 2.169040 3.646211 3.225927 3.652942 3.057691 3.335331 5.320997 5.488866 1.950802 2.218774 3.009996 3.490953 3.007040 4.056575 3.444036 1.645494 5.917908 1.617546 1.744222 0.000000 0.000000 1.180647 4.393537 4.998102 4.056049 2.399835 5.198592 2.960134
5.347181 1.898481 3.520668 3.087618 5.882623 5.191402 4.211582 3.316047 4.083944 4.188307 3.887412 4.558459 4.345943 3.501796 2.077767 2.242732 1.902962 1.749977 1.979176 2.163507 2.192776 1.707367 1.396427 1.432058 3.476680 5.086684 0.727393 1.261319 1.199343 1.896818 1.690748 1.578656 1.014935 1.416724 1.763187 2.783742 3.765125 3.038080 3.431994 2.963658 2.833462 1.599365 0.917916 2.608380 2.902574 1.916139 1.577042 2.407457 5.391820 5.397639 4.905898 4.771689 0.000000 0.000000 0.000000 0.000000 0.000000 0.000000 1.414652 4.140482 0.000000 2.506574 4.771483
5.785100 5.069828 3.231192 1.670803 2.365957 2.537963 2.159275 0.764222 1.641280 3.653108 3.275461 3.101037 2.919793 3.695057 1.477583 2.909652 2.865952 7.151483 5.963799 5.552654 3.460026 3.004703 2.911185 2.812505 2.598382 2.835794 2.649619 0.913450 1.070545 0.900046 1.102568 1.375809 1.876628 1.391735 3.100906 2.339081 2.330298 1.818089 2.167956 1.699578 1.126239 1.063598 1.407202 0.880855 5.292323 6.032427 2.054237 3.764151 3.061270 2.694135 1.542790 6.754989 4.239080 3.762926 0.000000 0.000000 0.000000 0.000000 0.000000 0.000000 0.000000 0.000000 0.000000
6.124357 4.301567 5.540971 3.498796 3.107837 2.297180 1.635113 2.050171 1.128450 3.388931 2.250456 1.765112 2.075107 1.843152 3.127745 1.813402 1.171974 0.718511 2.816254 1.948575 1.508311 2.740680 2.820085 2.304710 2.435646 1.733820 3.452857 0.742069 2.735153 1.571117 2.682115 2.968419 2.975140 2.818483 1.018931 3.046468 1.939411 2.536534 5.970091 5.926401 1.085022 2.833196 2.722557 2.535020 2.806951 2.929942 2.500018 5.295511 1.497606 1.640716 3.298808 3.918191 2.894223 7.398460 5.267266 4.298265 4.082355 2.963328 0.000000 0.000000 0.000000 0.000000 0.000000
5.661843 5.303025 4.894461 5.856632 3.068616 2.292311 2.095725 2.075005 1.378896 3.071659 3.119254 3.188627 2.869784 2.238357 2.602247 2.979930 3.130794 2.688015 2.576225 3.439123 2.748628 3.587024 3.573063 2.914429 1.955654 2.935912 1.595215 1.152785 1.384776 1.510880 2.286274 2.104534 1.591691 4.813813 4.358105 1.234007 2.847862 2.223642 2.649406 1.519592 1.104236 1.625306 1.699608 1.322629 3.079734 2.459172 3.889507 2.874834 3.822480 5.198848 1.850343 1.272547 3.497052 3.148450 2.669842 3.909620 6.748041 4.814976 0.000000 0.000000 0.000000 0.000000 0.000000
2.017651 2.917024 5.186437 5.029039 3.268115 2.695117 1.663542 1.171214 1.523521 2.658714 2.997693 2.638244 3.360464 3.259512 3.061285 2.867585 2.160371 2.525111 2.566526 2.854950 2.610289 2.227655 2.120609 1.380883 2.867397 1.911171 1.361068 1.650482 1.841505 1.227870 1.006509 5.657782 0.751758 1.235970 2.868551 1.461038 5.550063 5.601488 6.027763 6.056990 5.127547 4.917750 5.216961 5.792966 5.962756 5.857053 5.890027 3.632396 3.402040 3.670620 1.970483 6.584446 6.748075 3.245310 4.147062 2.987176 2.926278 5.930052 4.372183 4.446457 4.623008 5.572172 5.325384
2.595210 2.849485 1.554113 2.023211 2.220464 3.077868 3.142437 3.049033 1.875211 1.524966 2.917021 2.656175 3.114285 1.483045 1.509190 3.309216 2.496249 2.200319 2.265206 2.008543 2.092306 2.007167 2.890109 3.146510 2.917842 6.844352 5.117098 5.149240 3.804108 4.066473 0.932162 3.046125 1.278712 2.426698 3.384796 2.202388 3.298325 0.811836 1.862564 1.431509 1.429367 1.595038 3.831840 5.762205 4.910943 6.702820 6.390865 5.345131 2.960191 6.058600 0.910924 2.554436 2.930243 6.626561 5.556084 2.759941 1.347157 3.019948 3.245965 2.357181 4.227064 2.924939 3.419363
1.613347 1.839504 2.382601 2.018107 2.419706 2.152750 2.761972 1.808175 0.804573 1.106003 2.259834 1.649762 2.622335 3.072932 3.142969 2.705206 1.824202 2.232455 2.002949 1.984290 3.320126 6.909928 5.317241 5.422629 6.565441 6.614201 3.057100 1.844214 2.428964 0.000000 1.530850 4.761822 5.141623 4.508732 4.668761 4.099181 4.095421 3.398961 3.085324 3.582167 3.247477 2.918870 1.845286 2.476277 1.687850 2.596666 6.222475 5.214485 6.180940 3.675805 7.242897 6.362864 3.297652 2.710938 2.808239 5.470567 5.969923 3.785782 3.666026 2.578647 3.324187 4.106591 3.535628
2.920320 1.549938 1.504363 2.444522 3.321690 2.842226 5.276849 6.294278 6.680493 6.601201 6.122026 5.865082 5.926009 5.811964 5.669973 6.174724 6.552440 5.704083 5.564168 6.280953 6.078005 6.401959 5.007554 4.110459 4.006845 5.214406 4.752665 3.200274 2.091933 0.000000 0.000000 0.000000 0.000000 0.000000 0.000000 0.000000 0.000000 2.562610 5.332572 3.557971 1.766630 1.790481 2.868999 2.044843 3.573238 3.199993 3.109675 2.687475 2.962540 4.040713 3.818271 3.346188 3.487726 6.864921 2.526734 3.894063 6.513570 6.066380 7.153860 1.626278 3.493403 3.046994 4.092797
3.951440 5.112274 6.181633 6.224936 6.428549 5.073321 5.682699 2.782763 2.383544 2.735674 3.438278 2.228973 0.000000 0.000000 0.000000 0.000000 3.465483 4.792472 0.000000 1.891389 4.330531 4.354437 4.966103 4.002430 4.171557 3.179470 3.592469 2.913030 0.000000 0.000000 0.000000 0.000000 0.000000 0.000000 0.000000 0.000000 0.000000 0.000000 0.000000 0.256138 4.774613 6.096569 6.312869 6.642878 2.818726 3.578586 2.556947 3.817547 3.325688 3.394302 3.620170 3.069489 3.103238 4.316003 3.178292 3.926963 2.595677 4.493539 3.604200 3.857889 5.037336 3.552837 4.008682
0.000000 0.000000 0.000000 0.000000 0.000000 0.000000 0.000000 0.000000 0.000000 0.000000 0.000000 0.000000 0.000000 0.000000 0.000000 0.000000 0.000000 0.000000 0.000000 0.000000 0.000000 0.000000 1.607774 2.146092 2.194311 1.750937 4.480386 4.234815 0.000000 0.000000 0.000000 0.000000 0.000000 0.000000 0.000000 0.000000 0.000000 0.000000 0.000000 0.000000 0.000000 0.000000 0.000000 2.982491 3.237216 4.679650 4.390186 5.675536 5.535151 4.879528 4.550393 4.474963 6.194306 3.195802 3.822844 4.133859 4.158304 7.836718 7.427369 5.064840 5.771266 7.623381 5.862279
0.000000 0.000000 0.000000 0.000000 0.000000 0.000000 0.000000 0.000000 0.000000 0.000000 0.000000 0.000000 0.000000 0.000000 0.000000 0.000000 0.000000 0.000000 0.000000 0.000000 0.000000 0.000000 0.000000 0.000000 0.000000 0.000000 0.000000 0.000000 0.000000 0.000000 0.000000 0.000000 0.000000 0.000000 0.000000 0.000000 0.000000 0.000000 0.000000 0.000000 0.000000 0.000000 0.000000 0.000000 0.000000 0.000000 0.000000 0.000000 0.000000 0.000000 0.000000 0.000000 0.000000 1.949526 7.148662 3.834350 4.678534 4.716319 8.104229 6.183414 5.696967 5.349354 5.638350
0.000000 0.000000 0.000000 0.000000 0.000000 0.000000 0.000000 0.000000 0.000000 0.000000 0.000000 0.000000 0.000000 0.000000 0.000000 0.000000 0.000000 0.000000 0.000000 0.000000 0.000000 0.000000 0.000000 0.000000 0.000000 0.000000 0.000000 0.000000 0.000000 0.000000 0.000000 0.000000 0.000000 0.000000 0.000000 0.000000 0.000000 0.000000 0.000000 0.000000 0.000000 0.000000 0.000000 0.000000 0.000000 0.000000 0.000000 0.000000 0.000000 0.000000 0.000000 0.000000 0.000000 0.000000 3.434898 5.677539 4.381233 3.909517 4.036599 4.216383 3.676175 3.693351 3.466228
0.000000 0.000000 0.000000 0.000000 0.000000 0.000000 0.000000 0.000000 0.000000 0.000000 0.000000 0.000000 0.000000 0.000000 0.000000 0.000000 0.000000 0.000000 0.000000 0.000000 0.000000 0.000000 0.000000 0.000000 0.000000 0.000000 0.000000 0.000000 0.000000 0.000000 0.000000 0.000000 0.000000 0.000000 0.000000 0.000000 0.000000 0.000000 0.000000 0.000000 0.000000 0.000000 0.000000 0.000000 0.000000 0.000000 0.000000 0.000000 0.000000 0.000000 0.000000 0.000000 0.000000 0.000000 0.000000 1.719020 4.756636 7.435439 4.078510 4.347440 4.659390 4.557705 3.734641
0.000000 0.000000 0.000000 0.000000 0.000000 0.000000 0.000000 0.000000 0.000000 0.000000 0.000000 0.000000 0.000000 0.000000 0.000000 0.000000 0.000000 0.000000 0.000000 0.000000 0.000000 0.000000 0.000000 0.000000 0.000000 0.000000 0.000000 0.000000 0.000000 0.000000 0.000000 0.000000 0.000000 0.000000 0.000000 0.000000 0.000000 0.000000 0.000000 0.000000 0.000000 0.000000 0.000000 0.000000 0.000000 0.000000 0.000000 0.000000 0.000000 0.000000 0.000000 0.000000 0.000000 0.000000 0.000000 0.000000 0.000000 0.393060 2.722343 4.847134 4.978213 4.392997 4.968686
0.000000 0.000000 0.000000 0.000000 0.000000 0.000000 0.000000 0.000000 0.000000 0.000000 0.000000 0.000000 0.000000 0.000000 0.000000 0.000000 0.000000 0.000000 0.000000 0.000000 0.000000 0.000000 0.000000 0.000000 0.000000 0.000000 0.000000 0.000000 0.000000 0.000000 0.000000 0.000000 0.000000 0.000000 0.000000 0.000000 0.000000 0.000000 0.000000 0.000000 0.000000 0.000000 0.000000 0.000000 0.000000 0.000000 0.000000 0.000000 0.000000 0.000000 0.000000 0.000000 0.000000 0.000000 0.000000 0.000000 0.000000 0.000000 0.000000 0.000000 0.000000 0.000000 0.000000
