data/2006/output_2006_000000016000_Morphology.asc
ncols		517
nrows		378
xllcorner	499547.500000
yllcorner	4174982.500000
cellsize	10.000000
NODATA_value	0.000000
[rows 144 to 167 of 378, columns 162 to 215 of 517]
2729.959516 2727.033159 2724.315376 2721.127438 2717.926455 2715.272148 2712.242878 2707.588581 2703.647503 2700.025348 2696.584723 2693.339526 2692.418712 2687.135018 2682.685356 2678.697694 2674.570419 2670.055374 2665.857786 2659.081875 2653.755536 2649.413464 2646.046127 2642.173812 2639.738534 2636.215386 2631.820799 2627.139699 2621.263179 2618.789423 2610.913530 2608.498255 2602.640009 2598.048737 2590.658649 2584.980956 2578.800000 2572.000000 2569.758584 2566.532198 2558.819963 2549.703883 2541.466078 2535.558564 2529.998132 2527.390225 2521.601686 2516.896767 2511.038491 2506.934846 2505.007254 2496.397553 2495.041800 2485.621904
2729.134203 2726.630957 2723.715276 2721.093451 2718.182764 2717.792815 2714.980608 2710.436028 2705.470428 2702.080859 2700.244214 2695.564211 2691.505069 2686.920803 2683.385566 2679.127789 2674.578488 2669.901298 2664.566280 2659.805832 2652.826422 2648.393836 2643.471038 2642.607562 2638.800497 2632.519397 2628.431022 2625.477196 2620.304632 2615.008393 2611.257644 2603.352923 2597.483944 2592.175414 2586.816283 2584.636089 2578.195580 2571.227680 2563.000000 2557.800000 2550.500000 2544.964165 2542.999151 2537.821085 2526.769929 2524.809632 2516.938840 2513.181299 2510.194964 2502.434617 2498.064474 2496.072613 2487.666232 2482.076741
2729.803932 2727.230635 2724.688281 2721.914317 2719.323404 2716.259064 2715.184748 2710.721674 2709.447259 2704.597955 2700.901532 2695.372903 2686.743710 2683.176094 2680.026554 2677.401493 2671.692529 2666.708781 2664.399371 2656.108159 2651.136804 2647.738370 2643.954407 2636.221750 2634.751800 2630.571636 2624.196970 2620.854799 2617.421092 2612.141618 2606.898757 2602.855193 2594.958274 2589.619277 2584.592083 2578.780194 2574.185068 2571.645898 2562.935301 2553.808299 2548.300000 2541.400000 2535.600000 2530.500000 2525.256228 2522.825034 2514.540147 2507.389465 2502.780912 2499.232084 2496.159981 2488.194237 2486.214769 2477.829844
2728.565228 2725.906591 2723.412841 2721.269496 2718.812872 2715.909135 2712.473147 2711.267390 2706.728207 2702.731793 2696.592926 2694.447713 2686.193560 2680.329923 2675.107247 2672.489134 2669.505672 2665.910966 2660.171477 2655.227802 2651.337770 2646.069055 2644.208073 2637.642176 2630.467827 2625.566281 2623.289674 2615.544966 2612.164454 2608.292612 2602.800746 2599.289500 2591.910374 2586.054466 2581.208056 2575.479967 2568.713645 2564.207801 2560.083418 2554.472774 2545.502293 2539.400000 2533.000000 2526.900000 2520.000000 2513.700000 2510.160540 2503.633539 2500.554501 2496.477181 2491.755569 2486.470520 2478.769679 2474.615560
2728.071090 2725.006231 2722.829664 2720.561182 2717.811607 2717.401987 2711.348428 2708.427340 2704.713182 2703.043029 2696.737033 2694.459421 2686.652355 2680.364251 2674.488863 2670.531250 2666.727941 2662.323047 2659.787832 2654.640759 2650.164940 2646.360711 2639.638286 2633.912465 2632.621706 2624.817166 2621.623670 2616.009856 2607.599928 2603.160734 2598.663499 2592.530867 2588.435815 2582.412707 2577.519053 2572.331022 2566.135723 2561.373866 2553.213092 2549.564515 2545.039102 2539.392943 2530.773842 2523.609196 2516.800000 2510.900000 2504.400000 2501.014592 2494.926839 2488.153658 2485.243017 2478.014679 2474.605386 2471.810612
2728.343935 2725.334867 2724.013691 2721.136780 2717.094142 2714.537811 2710.783098 2708.104559 2706.302578 2702.179791 2698.829498 2692.038004 2688.611805 2685.506006 2679.237497 2670.622749 2667.867118 2664.171835 2658.493199 2651.037079 2648.215956 2642.735465 2639.113920 2632.554655 2627.866697 2624.614351 2618.610655 2612.414149 2605.164306 2600.712890 2592.890940 2588.431020 2581.973365 2581.406258 2572.860995 2567.473730 2561.869406 2556.158081 2549.526888 2543.677267 2536.706373 2532.979038 2527.598756 2524.199589 2517.049287 2507.100000 2500.600000 2494.500000 2492.048356 2484.860400 2478.846172 2474.421402 2468.328154 2463.579018
2725.005250 2723.578229 2722.611682 2720.538243 2718.089827 2716.077837 2713.956363 2708.406345 2705.147395 2698.716027 2694.743979 2689.443624 2685.394012 2679.751954 2675.156832 2670.576421 2665.267665 2661.152739 2655.070018 2651.071035 2646.309015 2639.476163 2634.355964 2627.821190 2624.002423 2617.304679 2615.450950 2604.928855 2599.213380 2596.603387 2588.491972 2583.172521 2577.199719 2573.536813 2566.439521 2563.131904 2556.991457 2551.623741 2546.179980 2539.757320 2533.549776 2527.442750 2522.261981 2517.709758 2516.853284 2506.756699 2499.562958 2490.900000 2485.100000 2482.601379 2475.625124 2469.873403 2467.006183 2461.901589
2720.900000 2718.100000 2715.800000 2715.300000 2712.900000 2709.200000 2707.200000 2704.947537 2703.440300 2698.228336 2693.251973 2689.063986 2683.808564 2679.034796 2673.601260 2667.849236 2661.785958 2658.492948 2652.115761 2647.057936 2641.974410 2636.525035 2631.453884 2625.531092 2618.434819 2611.716888 2607.864952 2601.547742 2595.407427 2590.120253 2585.325268 2582.158728 2575.273651 2569.893595 2564.172121 2556.655859 2552.535574 2546.122076 2540.898718 2535.833502 2529.842430 2523.769697 2518.676996 2514.965803 2510.008072 2506.370994 2500.283212 2489.975423 2484.484371 2476.729011 2473.811013 2466.692180 2462.659320 2456.348439
2720.900000 2718.000000 2715.500000 2714.300000 2712.400000 2708.700000 2705.700000 2702.600000 2698.700000 2695.900000 2694.867333 2690.884405 2683.074164 2678.440126 2673.446085 2667.837312 2662.492286 2656.234687 2648.639883 2645.162039 2638.216860 2633.018726 2627.216526 2622.378936 2616.321491 2610.266554 2603.306055 2597.525838 2591.500073 2584.804310 2581.210235 2572.894721 2567.539634 2562.339909 2557.362219 2551.614818 2545.979908 2540.152491 2535.800435 2530.978758 2525.412343 2520.009775 2514.639332 2509.754770 2504.127435 2500.772800 2494.770249 2488.909471 2484.527900 2477.230348 2469.099626 2466.006465 2457.846734 2451.458402
2717.500000 2715.000000 2712.600000 2711.600000 2708.900000 2706.600000 2704.300000 2700.700000 2697.400000 2694.000000 2689.600000 2685.300000 2680.403709 2674.531808 2669.945206 2664.926676 2660.163839 2653.871422 2647.628984 2641.433882 2634.608943 2630.753879 2624.079983 2617.843847 2611.997539 2606.272079 2600.829313 2594.797703 2587.533941 2581.638315 2577.735344 2570.556857 2562.597541 2559.892150 2554.234362 2550.147923 2542.356055 2536.619194 2530.386601 2525.687914 2520.829472 2515.384938 2510.435512 2505.278452 2500.527176 2495.551494 2489.129687 2485.746606 2480.593798 2474.463957 2464.868066 2463.978998 2457.057734 2454.451472
2716.700000 2713.900000 2711.200000 2708.600000 2706.800000 2704.200000 2702.500000 2698.800000 2694.800000 2690.800000 2687.200000 2683.400000 2678.600000 2672.900000 2668.834416 2662.387705 2658.636850 2653.771864 2646.708308 2640.444889 2633.386786 2626.042171 2619.980011 2613.340976 2609.159287 2602.681866 2596.641010 2591.101685 2585.443570 2579.873492 2573.800395 2567.034313 2560.098341 2556.710271 2548.827912 2546.272326 2539.188797 2533.104851 2527.746917 2522.017781 2518.109134 2512.922329 2506.271627 2499.887696 2495.245861 2490.922450 2486.308201 2480.438969 2477.041741 2471.761773 2465.918252 2457.165379 2450.267976 2449.817680
2714.900000 2712.900000 2710.500000 2707.300000 2705.200000 2703.000000 2700.100000 2697.200000 2693.900000 2689.200000 2684.000000 2679.800000 2675.100000 2669.500000 2666.496835 2665.418850 2656.866909 2651.136855 2644.355770 2638.347951 2631.499279 2624.697044 2618.123346 2610.884795 2604.089064 2597.481210 2591.415341 2586.406929 2584.213435 2577.735898 2572.310897 2566.249330 2559.360379 2553.071804 2546.680633 2539.782655 2535.389667 2530.495578 2526.111806 2519.192378 2514.012983 2508.094115 2501.627705 2497.391487 2490.562072 2485.539647 2481.840828 2477.518674 2470.892534 2467.823838 2462.650467 2457.640222 2449.167918 2442.448630
2713.800000 2711.200000 2709.600000 2707.200000 2704.700000 2702.100000 2699.000000 2697.200000 2694.200000 2689.000000 2683.100000 2677.700000 2672.200000 2667.300000 2661.400000 2657.268656 2654.499616 2648.485302 2642.452826 2636.338725 2630.285383 2623.714606 2616.608461 2609.855130 2603.214864 2596.370657 2590.000954 2584.586813 2579.076633 2573.325199 2571.041284 2564.249673 2557.928042 2551.298103 2545.542350 2539.186145 2532.196507 2526.693259 2521.506632 2516.318097 2512.816082 2505.305685 2499.407858 2492.741348 2485.843782 2482.184223 2477.288006 2472.818551 2466.261258 2461.021935 2458.264500 2454.223405 2449.586176 2440.982047
2713.100000 2710.300000 2708.000000 2706.400000 2703.200000 2699.900000 2698.100000 2696.500000 2692.900000 2688.300000 2682.800000 2676.900000 2670.900000 2664.400000 2657.900000 2654.500000 2649.900000 2645.481895 2642.638476 2636.408503 2628.590099 2621.497103 2614.712495 2607.905359 2601.598345 2595.246678 2589.017068 2582.806420 2577.258418 2571.668065 2565.855530 2559.581402 2556.956761 2549.388688 2543.274372 2537.548965 2531.547162 2527.181280 2517.397255 2511.991981 2507.302762 2502.316336 2498.185119 2489.908798 2483.845942 2477.684738 2473.997621 2467.888675 2462.323945 2456.083308 2452.161429 2446.443890 2445.014779 2440.960067
2711.300000 2707.800000 2705.400000 2704.100000 2701.500000 2699.700000 2696.700000 2694.800000 2692.400000 2686.800000 2680.700000 2674.500000 2668.000000 2662.100000 2657.200000 2651.100000 2646.700000 2642.800000 2637.300000 2635.050980 2628.092910 2620.152941 2615.843675 2608.466821 2601.892096 2595.265872 2589.726327 2581.003823 2575.469465 2570.485043 2564.401164 2557.582994 2551.964958 2546.760238 2540.065903 2535.046936 2528.749691 2522.593170 2517.592605 2512.184161 2502.887661 2497.978014 2492.765779 2487.419326 2482.299275 2474.182608 2468.850609 2465.391406 2458.661727 2452.710681 2447.353225 2442.387480 2438.798976 2434.468963
2710.400000 2707.800000 2704.800000 2701.300000 2700.200000 2699.000000 2697.400000 2694.200000 2691.700000 2687.500000 2680.500000 2674.000000 2669.000000 2662.800000 2657.200000 2651.800000 2645.300000 2640.100000 2634.500000 2628.000000 2622.667252 2619.708984 2612.551622 2605.803461 2598.503100 2590.956598 2584.464230 2582.082532 2574.842469 2566.892760 2561.408826 2555.195366 2548.459265 2542.318930 2538.113302 2532.185887 2524.999390 2519.668520 2514.382827 2511.598502 2505.450260 2497.723543 2488.632758 2483.264122 2477.679541 2471.856635 2467.922212 2459.641363 2456.642814 2449.638484 2443.435323 2438.523851 2434.169553 2430.219682
2711.200000 2708.200000 2704.100000 2701.800000 2698.700000 2697.600000 2695.800000 2692.600000 2690.300000 2686.700000 2680.400000 2673.400000 2667.000000 2661.300000 2655.600000 2649.900000 2644.200000 2636.800000 2630.100000 2624.200000 2617.600000 2611.900000 2606.766062 2599.347166 2593.469733 2586.884504 2583.230319 2577.328845 2569.123845 2563.447521 2556.187162 2550.810296 2544.705882 2538.615864 2533.332797 2527.426463 2520.995770 2514.681359 2508.370273 2506.594663 2502.526387 2498.655415 2491.192459 2480.652489 2474.226425 2468.495317 2463.262820 2457.710878 2451.143406 2447.154608 2440.071432 2434.659000 2430.066166 2425.638978
2711.000000 2707.600000 2703.600000 2700.800000 2698.300000 2695.700000 2693.900000 2690.700000 2687.600000 2684.600000 2679.700000 2673.400000 2667.400000 2660.400000 2653.300000 2647.800000 2642.300000 2635.200000 2627.700000 2621.100000 2613.800000 2606.900000 2601.200000 2597.082363 2591.283097 2585.785637 2577.968372 2571.469548 2564.651829 2559.208672 2555.765789 2546.844707 2540.881421 2535.665353 2529.903409 2525.083951 2519.755051 2513.707456 2507.734453 2501.618729 2494.647551 2492.491794 2490.288143 2483.138533 2475.766770 2465.454696 2459.426087 2453.825617 2448.049873 2444.453184 2438.362785 2430.396269 2426.416547 2422.054617
2710.100000 2707.100000 2704.300000 2701.400000 2697.400000 2695.100000 2691.800000 2688.600000 2685.000000 2682.200000 2678.400000 2674.500000 2668.200000 2661.400000 2654.800000 2646.900000 2639.400000 2632.600000 2625.400000 2618.400000 2611.500000 2604.500000 2597.800000 2590.800000 2588.149314 2581.717152 2576.510685 2570.724738 2564.363858 2555.970654 2549.764021 2543.999218 2539.831652 2532.235086 2526.905705 2522.233917 2516.864362 2511.401168 2505.647616 2499.602149 2492.919047 2486.887946 2481.105395 2480.581162 2472.583748 2465.962411 2458.230656 2450.050036 2444.403835 2438.816569 2432.924407 2428.110011 2423.367786 2417.898613
2709.800000 2706.200000 2703.900000 2700.400000 2696.700000 2693.700000 2690.500000 2687.200000 2684.300000 2681.600000 2678.500000 2674.900000 2668.900000 2661.100000 2652.600000 2645.400000 2638.100000 2630.800000 2623.600000 2616.400000 2609.300000 2602.600000 2595.700000 2588.700000 2582.100000 2579.525008 2576.595932 2565.073532 2565.670793 2559.548818 2553.629959 2542.102590 2535.420847 2531.360521 2523.274018 2518.702845 2513.430044 2508.801313 2502.480136 2496.259180 2489.647481 2483.100477 2477.667202 2472.942260 2466.636041 2460.557794 2454.090554 2447.997493 2440.175809 2434.741536 2429.461214 2424.341989 2419.841684 2414.421341
2708.100000 2705.800000 2703.100000 2699.300000 2696.100000 2693.000000 2690.800000 2687.700000 2685.000000 2681.500000 2677.900000 2675.400000 2669.800000 2661.700000 2653.500000 2644.700000 2637.300000 2630.000000 2622.700000 2615.800000 2608.700000 2601.400000 2594.700000 2588.000000 2580.400000 2573.100000 2566.500000 2565.448067 2556.095136 2555.399022 2546.976671 2540.127158 2537.520254 2526.856119 2520.819851 2517.510029 2509.088359 2504.290891 2498.519438 2492.071426 2486.011551 2479.570102 2473.971384 2468.132100 2463.574870 2457.405059 2451.924733 2445.170801 2439.005887 2433.588698 2427.966831 2421.082174 2415.570260 2411.692947
2709.200000 2706.700000 2701.900000 2699.600000 2695.700000 2692.000000 2689.000000 2685.200000 2683.500000 2681.000000 2676.100000 2673.800000 2670.400000 2666.100000 2660.100000 2648.600000 2637.800000 2629.200000 2620.600000 2613.500000 2606.800000 2599.700000 2592.400000 2585.800000 2579.100000 2571.900000 2564.500000 2557.600000 2555.383151 2546.860645 2544.787407 2533.600000 2528.300000 2524.863459 2521.993631 2510.671976 2506.238109 2499.421750 2494.177565 2488.760125 2482.412539 2476.349151 2470.321790 2464.796701 2458.824882 2453.234567 2448.969593 2442.694458 2436.312862 2429.407310 2423.892845 2418.111944 2414.390823 2406.900761
2710.000000 2705.400000 2702.700000 2698.300000 2695.200000 2692.500000 2689.700000 2685.700000 2680.500000 2679.200000 2676.000000 2672.600000 2669.800000 2665.500000 2660.500000 2654.300000 2641.000000 2631.000000 2622.300000 2614.300000 2606.800000 2598.500000 2591.300000 2584.200000 2579.300000 2568.600000 2561.600000 2554.800000 2547.400000 2544.712332 2539.171067 2531.000000 2525.300000 2519.300000 2513.100000 2510.381816 2501.655733 2495.511597 2492.080451 2483.566242 2478.466042 2472.825552 2467.429440 2461.831488 2455.983785 2450.280944 2444.221071 2438.441186 2432.786050 2427.018878 2419.833833 2414.708316 2409.637054 2404.850349
2709.700000 2703.800000 2700.300000 2697.700000 2693.500000 2691.200000 2688.800000 2686.200000 2681.200000 2676.000000 2672.500000 2670.200000 2668.100000 2662.800000 2657.900000 2652.700000 2644.400000 2632.100000 2623.200000 2613.000000 2604.800000 2597.200000 2593.400000 2594.500000 2594.400000 2566.600000 2557.400000 2551.500000 2545.100000 2538.800000 2531.600000 2528.277275 2520.700000 2517.100000 2511.400000 2504.400000 2499.697683 2496.861078 2485.783970 2480.612598 2476.669192 2471.230722 2462.855676 2458.090490 2452.475155 2445.913116 2439.850271 2434.822953 2429.984569 2423.563342 2417.543701 2411.591295 2406.653657 2401.595212
