data/2006/output_2006_000000016000_SolidifiedLavaThickness.asc
ncols		517
nrows		378
xllcorner	499547.500000
yllcorner	4174982.500000
cellsize	10.000000
NODATA_value	0.000000
[rows 140 to 167 of 378, columns 189 to 251 of 517]
2.731824 1.358840 1.558633 1.103806 1.190155 1.340055 1.357903 1.260908 1.013147 1.301951 3.371662 1.619029 2.334485 3.303327 3.246715 4.543716 4.677160 3.014871 0.524877 0.000000 0.000000 0.000000 0.000000 0.000000 0.000000 0.000000 0.000000 0.000000 0.000000 0.000000 0.000000 0.000000 0.000000 0.000000 0.000000 0.000000 0.000000 0.000000 0.000000 0.000000 0.000000 0.000000 0.000000 0.000000 0.000000 0.000000 0.000000 0.000000 0.000000 0.000000 0.000000 0.000000 0.000000 0.000000 0.000000 0.000000 0.000000 0.000000 0.000000 0.000000 0.000000 0.000000 0.000000
2.732008 1.024738 3.391487 4.754852 4.010604 4.055563 3.806780 3.782877 2.794526 2.881611 3.595512 1.911301 2.816535 1.993592 2.986953 3.126324 3.290092 4.929067 4.331781 3.532427 0.724630 0.018958 0.000000 0.000000 0.000000 0.000000 0.000000 0.000000 0.000000 0.000000 0.000000 0.000000 0.000000 0.000000 0.000000 0.000000 0.000000 0.000000 0.000000 0.000000 0.000000 0.000000 0.000000 0.000000 0.000000 0.000000 0.000000 0.000000 0.000000 0.000000 0.000000 0.000000 0.000000 0.000000 0.000000 0.000000 0.000000 0.000000 0.000000 0.000000 0.000000 0.000000 0.000000
3.879506 4.200358 3.830437 4.678328 0.000000 0.000000 0.000000 3.598966 1.888427 3.735534 3.566352 2.568604 2.567366 2.737553 3.706162 1.838694 2.654198 3.335468 3.488717 2.297894 4.189498 3.585221 1.083615 1.914592 0.000000 0.000000 0.000000 0.000000 0.000000 0.000000 0.000000 0.000000 0.000000 0.000000 0.000000 0.000000 0.000000 0.000000 0.000000 0.000000 0.000000 0.000000 0.000000 0.000000 0.000000 0.000000 0.000000 0.000000 0.000000 0.000000 0.000000 0.000000 0.000000 0.000000 0.000000 0.000000 0.000000 0.000000 0.000000 0.000000 0.000000 0.000000 0.000000
3.070551 0.801795 4.861376 2.254069 1.364230 0.864959 0.585424 0.000000 0.000000 3.210375 4.993176 3.284993 2.901417 3.864267 3.507213 3.888098 4.673903 4.538765 3.911477 2.746565 3.483092 4.699948 3.491592 4.543765 1.952790 2.271889 0.000000 0.000000 0.000000 0.000000 0.000000 0.000000 0.000000 0.000000 0.000000 0.000000 0.000000 0.000000 0.000000 0.000000 0.000000 0.000000 0.000000 0.000000 0.000000 0.000000 0.000000 0.000000 0.000000 0.000000 0.000000 0.000000 0.000000 0.000000 0.000000 0.000000 0.000000 0.000000 0.000000 0.000000 0.000000 0.000000 0.000000
3.493109 0.765974 0.732594 2.283587 0.970096 3.381734 3.857545 1.051602 1.154213 0.000000 0.000000 3.158584 5.257810 5.721624 3.260880 2.813566 3.461456 4.053648 3.347459 1.970385 2.281298 2.899148 4.348909 2.567711 2.564735 5.060571 1.521904 0.935560 0.000000 0.000000 0.000000 0.000000 0.000000 0.000000 0.000000 0.000000 0.000000 0.000000 0.000000 0.000000 0.000000 0.000000 0.000000 0.000000 0.000000 0.000000 0.000000 0.000000 0.000000 0.000000 0.000000 0.000000 0.000000 0.000000 0.000000 0.000000 0.000000 0.000000 0.000000 0.000000 0.000000 0.000000 0.000000
4.371689 3.443197 0.826308 0.791253 2.393883 1.463255 1.106389 2.742911 5.243200 3.095580 0.998670 0.000000 0.000000 0.000000 0.264165 4.078512 5.421085 2.668521 3.149578 3.491005 2.228089 5.050840 4.510676 2.566255 1.060554 2.406675 1.111162 4.100313 1.040480 0.000000 0.000000 0.000000 0.000000 0.000000 0.000000 0.000000 0.000000 0.000000 0.000000 0.000000 0.000000 0.000000 0.000000 0.000000 0.000000 0.000000 0.000000 0.000000 0.000000 0.000000 0.000000 0.000000 0.000000 0.000000 0.000000 0.000000 0.000000 0.000000 0.000000 0.000000 0.000000 0.000000 0.000000
3.245183 3.375280 0.845194 0.797141 0.893939 2.663588 1.549110 1.237241 1.459207 3.786799 5.001256 3.235301 0.314998 0.000000 0.000000 0.000000 0.000000 0.873025 4.941070 0.655905 4.573788 4.556153 0.544004 2.489423 3.818557 1.245123 0.577751 2.485056 0.764410 3.564960 0.090607 0.000000 0.000000 0.000000 0.000000 0.000000 0.000000 0.000000 0.000000 0.000000 0.000000 0.000000 0.000000 0.000000 0.000000 0.000000 0.000000 0.000000 0.000000 0.000000 0.000000 0.000000 0.000000 0.000000 0.000000 0.000000 0.000000 0.000000 0.000000 0.000000 0.000000 0.000000 0.000000
4.037847 2.626903 5.702078 0.988415 0.778818 0.814229 2.332503 1.380710 1.469964 1.570869 1.031817 2.835924 4.077540 0.722193 0.000000 0.000000 0.000000 0.000000 0.000000 2.560540 1.510763 1.958534 0.560701 0.586874 0.728414 1.010068 1.187488 1.069670 2.594322 2.215736 4.694350 0.823896 0.000000 0.000000 0.000000 0.000000 0.000000 0.000000 0.000000 0.000000 0.000000 0.000000 0.000000 0.000000 0.000000 0.000000 0.000000 0.000000 0.000000 0.000000 0.000000 0.000000 0.000000 0.000000 0.000000 0.000000 0.000000 0.000000 0.000000 0.000000 0.000000 0.000000 0.000000
2.682872 2.687230 3.647402 1.054204 1.107872 1.010586 0.794738 1.597197 1.148454 1.336637 1.539460 1.534812 1.468872 4.216628 4.272853 0.873842 0.000000 0.000000 0.000000 0.000000 2.914592 2.674804 1.004263 2.422468 0.529802 0.726607 1.003030 1.129850 1.053108 0.610334 2.749884 4.736158 0.648795 0.202310 0.000000 0.000000 0.000000 0.000000 0.000000 0.000000 0.000000 0.000000 0.000000 0.000000 0.000000 0.000000 0.000000 0.000000 0.000000 0.000000 0.000000 0.000000 0.000000 0.000000 0.000000 0.000000 0.000000 0.000000 0.000000 0.000000 0.000000 0.000000 0.000000
5.084541 4.595781 4.256702 3.907277 1.186719 1.289742 1.266052 1.059611 2.211505 1.212297 1.393835 1.671630 1.779698 1.963701 3.831680 4.213970 2.537568 2.632679 0.000000 0.000000 0.000000 3.948356 1.280137 0.598679 0.653656 0.544653 0.818715 0.957133 1.043460 0.907501 0.954500 2.291697 1.811452 4.517724 1.217129 0.000000 0.000000 0.000000 0.000000 0.000000 0.000000 0.000000 0.000000 0.000000 0.000000 0.000000 0.000000 0.000000 0.000000 0.000000 0.000000 0.000000 0.000000 0.000000 0.000000 0.000000 0.000000 0.000000 0.000000 0.000000 0.000000 0.000000 0.000000
1.199102 0.783205 2.765065 0.898778 1.039604 1.148534 1.324195 1.335422 1.251291 2.481223 1.232283 1.205799 1.717068 1.843524 2.094331 1.356046 3.860078 5.961998 2.357173 2.287731 0.000000 0.000000 4.201379 2.004980 2.975575 2.436703 2.344140 0.781486 1.029580 1.017860 0.915446 0.904158 2.201085 2.851617 0.839383 4.451030 0.414722 0.000000 0.000000 0.000000 0.000000 0.000000 0.000000 0.000000 0.000000 0.000000 0.000000 0.000000 0.000000 0.000000 0.000000 0.000000 0.000000 0.000000 0.000000 0.000000 0.000000 0.000000 0.000000 0.000000 0.000000 0.000000 0.000000
1.316332 2.898147 2.948306 2.700221 0.709184 0.980912 1.044348 1.356809 1.379215 1.384662 2.927216 1.286109 1.292208 1.525668 1.772705 2.329728 2.667346 1.889048 5.014980 5.071805 2.607458 2.730709 0.929011 4.811013 2.066962 3.089764 0.769924 2.667710 0.703562 0.986280 1.025485 0.951173 0.900769 2.109528 1.105950 1.262764 5.885710 0.035889 0.000000 0.000000 0.000000 0.000000 0.000000 0.000000 0.000000 0.000000 0.000000 0.000000 0.000000 0.000000 0.000000 0.000000 0.000000 0.000000 0.000000 0.000000 0.000000 0.000000 0.000000 0.000000 0.000000 0.000000 0.000000
2.006784 2.007603 1.211234 2.290759 2.510815 0.769139 0.906640 0.963935 1.360049 1.530874 1.602480 0.776160 2.145727 1.333046 1.487411 1.734085 2.549074 2.656820 3.292049 1.813465 2.677411 5.309069 4.930348 2.699626 6.006465 2.129685 2.134041 0.793588 2.845149 0.630116 0.887417 1.061393 1.029970 1.000057 2.529563 1.126403 0.782719 2.209287 3.514712 0.000000 0.000000 0.000000 0.000000 0.000000 0.000000 0.000000 0.000000 0.000000 0.000000 0.000000 0.000000 0.000000 0.000000 0.000000 0.000000 0.000000 0.000000 0.000000 0.000000 0.000000 0.000000 0.000000 0.000000
1.180048 1.765632 2.510419 2.515630 1.560106 4.096653 3.326557 1.481082 1.494398 0.883609 1.345437 1.848094 1.357814 0.791601 2.703239 1.462300 1.506393 2.459466 2.456967 3.332024 3.382975 4.941003 4.629541 2.772813 7.275264 5.045213 8.000158 1.527120 3.414334 2.113273 0.985552 0.915174 0.990697 1.010519 1.068005 2.818845 1.466492 1.616878 1.332995 5.480338 0.545788 0.000000 0.000000 0.000000 0.000000 0.000000 0.000000 0.000000 0.000000 0.000000 0.000000 0.000000 0.000000 0.000000 0.000000 0.000000 0.000000 0.000000 0.000000 0.000000 0.000000 0.000000 0.000000
1.402449 3.272196 1.186527 1.784357 2.032391 2.019549 1.410126 3.160011 2.792494 2.914007 1.613220 0.859853 1.485730 1.559449 1.282870 0.809038 3.001144 1.708762 2.833474 2.251558 2.881474 2.967328 2.183911 5.201242 3.110126 2.399156 6.850311 6.162226 3.776141 1.363076 2.151856 0.713655 1.092864 1.056445 1.029142 1.274193 2.841601 1.478932 2.429144 2.286465 3.104535 4.498207 0.346492 0.000000 0.000000 0.000000 0.000000 0.000000 0.000000 0.000000 0.000000 0.000000 0.000000 0.000000 0.000000 0.000000 0.000000 0.000000 0.000000 0.000000 0.000000 0.000000 0.000000
2.934255 1.637796 1.348578 3.204945 1.254918 1.611239 2.001756 2.087359 2.844411 2.517309 1.595400 3.178086 3.011728 0.943926 1.455590 1.505091 1.287115 0.907424 3.514618 3.245595 1.897766 2.348850 2.699270 3.204180 3.681345 5.179497 3.196179 3.540476 8.294981 7.387449 2.464490 2.501520 0.858683 1.048391 1.129850 1.504200 1.482385 2.395370 1.420504 2.135731 2.582970 1.754423 5.307257 2.194260 0.520428 0.000000 0.000000 0.000000 0.000000 0.000000 0.000000 0.000000 0.000000 0.000000 0.000000 0.000000 0.000000 0.000000 0.000000 0.000000 0.000000 0.000000 0.000000
3.159711 3.315018 3.032554 1.563314 1.167434 2.718520 1.697501 1.826411 1.912099 2.384595 2.214886 1.846716 1.791741 1.389652 1.869396 0.939265 1.377751 1.447635 1.619938 1.089150 2.613904 2.334417 2.146491 2.394114 2.894792 3.456142 4.939587 3.200582 4.428415 3.023955 7.840222 3.267636 4.075678 3.372581 0.865107 1.189357 1.371561 1.094406 2.705778 1.438298 2.165467 2.629918 2.184478 3.599259 4.845088 1.055246 0.358489 0.000000 0.000000 0.000000 0.000000 0.000000 0.000000 0.000000 0.000000 0.000000 0.000000 0.000000 0.000000 0.000000 0.000000 0.000000 0.000000
1.904554 2.397406 2.721386 2.527822 2.345938 1.405896 1.535755 1.981054 2.759412 2.340820 1.976562 2.973668 2.476104 2.502936 1.782151 2.928960 3.233686 0.870487 1.292009 1.730232 1.625194 0.954054 3.409463 2.901399 2.667313 3.647197 5.820908 2.730738 3.104353 3.553142 3.982757 8.352570 7.784094 8.420075 3.541305 1.059844 1.144514 1.127085 0.880633 2.140994 1.293826 2.253911 2.565830 2.096315 1.843502 1.808853 2.998146 1.942833 0.000000 0.000000 0.000000 0.000000 0.000000 0.000000 0.000000 0.000000 0.000000 0.000000 0.000000 0.000000 0.000000 0.000000 0.000000
3.621443 1.045088 1.276640 1.553385 1.832839 1.872566 1.558999 2.171330 3.774733 2.224343 3.429157 4.263295 1.442648 3.701485 2.454635 1.931919 1.649450 2.043644 3.441833 0.946677 1.515244 1.631861 1.454591 1.573093 3.452648 2.630803 3.731912 1.762114 4.226539 2.843968 3.235655 3.056653 3.666501 8.547507 6.895209 2.696493 0.873171 1.102402 1.028094 0.938838 2.769039 1.454863 2.150479 1.922782 1.435076 2.071487 3.598923 5.176856 2.417417 0.000000 0.000000 0.000000 0.000000 0.000000 0.000000 0.000000 0.000000 0.000000 0.000000 0.000000 0.000000 0.000000 0.000000
4.086428 1.431075 3.348446 3.548575 0.938930 1.552443 2.334232 1.682335 1.917503 1.546290 3.552775 3.361047 3.957498 4.188163 1.662512 2.893169 2.376858 1.624173 1.736644 2.031842 0.896116 1.355147 1.459128 1.544198 1.548926 1.793722 3.454401 2.787969 2.968458 3.742576 4.712851 1.931485 2.025363 4.760504 8.760964 7.581648 3.151734 1.532951 1.042033 1.812569 2.951485 1.344262 3.161610 2.031348 1.914459 2.724945 2.542794 3.673752 6.585184 3.339617 1.576387 0.000000 0.000000 0.000000 0.000000 0.000000 0.000000 0.000000 0.000000 0.000000 0.000000 0.000000 0.000000
3.569448 2.314885 1.548562 1.682964 1.675264 3.281049 1.212636 1.854023 1.798257 1.998824 2.183573 1.997742 2.951714 3.803304 4.109007 3.824474 1.478815 2.967049 2.230554 1.663067 1.687278 3.536478 1.006293 1.278294 1.515159 1.878631 2.030055 1.805398 3.036684 2.426175 1.766669 4.182255 2.517653 2.709837 5.213523 7.626794 8.048225 1.425105 1.139161 1.045064 3.328644 2.123658 2.390406 1.689137 1.463623 1.828709 2.312293 2.488009 1.146205 2.930326 6.109199 3.463874 0.000000 0.000000 0.000000 0.000000 0.000000 0.000000 0.000000 0.000000 0.000000 0.000000 0.000000
1.811374 0.434184 1.488836 4.435523 1.340834 1.885313 2.309019 1.195422 1.511427 1.676222 2.013734 2.083260 1.327633 4.048906 3.719019 3.776922 3.765910 4.049616 1.590893 1.898314 2.039133 1.703159 1.613186 0.969246 1.370278 1.513263 1.847842 1.913994 2.013191 1.618923 2.040879 3.226110 5.415246 1.660177 2.083408 5.045144 6.688090 7.982489 2.530539 2.246843 1.306494 2.651849 2.738630 1.538298 1.396632 1.711271 2.282091 1.545577 2.611246 2.837081 4.102859 6.853829 3.695091 2.792689 0.000000 0.000000 0.000000 0.000000 0.000000 0.000000 0.000000 0.000000 0.000000
1.488635 2.497661 1.841675 0.498452 1.075147 4.159058 2.682264 2.117471 1.171610 1.251593 1.469293 1.586055 1.524017 3.506257 2.770150 1.778909 2.060614 3.388517 2.582090 3.576171 1.323070 1.877518 1.734697 1.819231 1.221444 1.670592 1.763927 1.637718 1.584863 1.735764 3.765535 4.172753 3.209925 2.487906 3.037027 2.777263 4.597523 6.485813 8.702733 2.260600 2.398743 3.425441 2.349816 2.744416 1.603687 1.626076 1.580078 1.938064 2.534515 2.344873 3.444214 2.394976 3.932042 5.980583 3.411372 0.000000 0.000000 0.000000 0.000000 0.000000 0.000000 0.000000 0.000000
1.631267 6.970793 6.088541 5.629959 1.572066 0.568910 1.512798 4.164271 2.189871 3.656497 3.630227 1.154719 1.456741 1.592305 2.046187 3.018600 2.452924 1.578871 3.893663 4.355319 1.795886 1.354638 1.771328 2.073515 1.860442 1.993362 1.314900 2.067294 2.005270 1.769831 3.021303 2.564019 1.936158 1.270511 3.794711 3.712851 2.761278 4.608876 6.412892 7.798494 2.433160 1.847540 3.720438 3.232190 2.818157 1.124884 5.842224 3.065315 1.065971 2.790998 3.517558 2.785766 3.192609 4.455398 6.592054 3.166901 0.000000 0.000000 0.000000 0.000000 0.000000 0.000000 0.000000
5.048067 2.088360 6.999021 3.476671 1.427158 4.920254 1.754586 0.590910 3.454073 4.544405 1.631094 1.979706 2.529261 1.227842 1.972024 2.399942 3.026165 3.083856 2.054225 4.479868 5.086968 1.498065 4.716943 2.695034 3.751396 2.086816 3.989880 1.163550 2.072374 2.402267 1.790263 2.755648 2.825318 2.865537 2.475110 1.409773 1.687964 4.750647 5.617187 4.208414 7.341671 1.985110 2.501980 1.759273 3.286968 1.671058 6.183950 1.039234 4.450000 3.288766 2.164678 3.481203 2.443802 2.776804 4.061171 6.272242 3.028093 0.000000 0.000000 0.000000 0.000000 0.000000 0.000000
0.000000 3.983150 1.673846 5.495678 0.000000 0.000000 2.163459 5.593630 2.412101 1.594550 4.403159 2.228033 1.670862 2.460537 1.386977 2.131178 2.984143 3.178629 3.327849 2.795040 1.675023 4.293249 3.241154 3.193732 4.337035 1.394831 2.636287 2.757084 4.091532 1.288851 2.281200 2.092055 1.870548 1.708040 2.449738 2.185795 2.582332 3.060756 3.200355 5.246776 5.325373 6.373027 2.092555 2.152906 2.751521 3.941500 1.489117 5.068323 1.325334 2.804345 6.288147 1.442303 2.849162 2.319195 2.472404 3.854607 6.024213 3.547026 3.193031 0.000000 0.000000 0.000000 0.000000
0.000000 0.000000 4.118370 3.902955 0.000000 0.000000 0.000000 0.000000 3.181816 0.638772 0.497546 2.028693 2.342585 1.909968 4.671776 1.570096 1.939134 2.832009 2.613010 3.002048 3.001041 3.241415 2.219834 1.966401 4.818819 3.210307 4.640015 1.528468 2.318349 2.973271 4.056867 1.164470 1.393912 1.642555 1.669037 2.491002 3.190856 3.188246 4.019242 4.136056 2.959445 3.412874 6.241380 4.550668 2.712802 2.768228 3.142756 3.248764 6.709231 2.826524 2.392395 6.108607 2.637506 3.074090 1.719973 1.865823 2.033051 3.884038 5.908425 3.529249 0.000000 0.000000 0.000000
0.000000 0.000000 0.000000 0.000000 2.653375 0.000000 0.000000 0.000000 0.000000 2.097683 5.461078 1.811341 0.526748 3.954831 4.632594 5.149318 4.668656 5.045045 1.851674 2.645739 3.458579 3.740092 3.099298 2.359794 2.747656 3.772701 3.140758 3.400353 3.142981 1.631094 2.386415 2.427810 3.663119 1.227030 1.544947 1.536092 2.419605 3.957977 3.945524 4.346881 4.430653 5.015308 4.390543 6.089830 7.483172 3.174472 1.517627 4.117068 3.579546 4.208582 5.859252 4.063245 4.553197 3.698555 3.668272 1.710100 1.190829 1.721374 2.084775 5.368224 2.542304 1.684112 0.000000
