data/2006/output_2006_000000016000_Morphology.asc
ncols		517
nrows		378
xllcorner	499547.500000
yllcorner	4174982.500000
cellsize	10.000000
NODATA_value	0.000000
[rows 264 to 287 of 378, columns 378 to 431 of 517]
1754.200000 1753.900000 1752.500000 1752.500000 1752.700000 1754.700000 1754.200000 1755.500000 1752.100000 1752.600000 1751.100000 1753.741054 1754.969568 1754.624800 1749.965919 1753.744770 1749.570826 1748.943069 1747.442133 1745.341256 1743.776164 1742.269980 1742.136341 1740.531213 1740.365115 1740.308432 1740.530975 1739.588652 1740.272973 1736.053702 1734.974427 1732.600888 1730.651288 1729.144499 1730.181837 1729.373678 1720.600000 1718.200000 1718.100000 1716.200000 1715.600000 1715.700000 1713.100000 1712.300000 1710.000000 1708.500000 1708.900000 1709.400000 1709.800000 1708.000000 1705.000000 1705.500000 1704.300000 1704.000000
1752.100000 1752.400000 1748.700000 1749.300000 1747.000000 1751.300000 1751.900000 1752.200000 1749.400000 1749.500000 1748.300000 1749.852782 1752.291264 1753.248293 1749.818521 1753.312321 1751.117234 1746.537535 1745.421150 1743.307815 1741.656900 1740.211553 1739.199063 1738.128545 1736.972595 1736.507875 1735.657333 1737.034387 1739.045160 1737.238127 1733.317426 1731.247956 1730.075722 1728.650596 1727.497951 1728.494998 1725.717299 1717.500000 1716.524371 1713.400000 1714.600000 1714.100000 1712.900000 1708.900000 1709.300000 1707.700000 1707.500000 1708.200000 1707.100000 1707.800000 1704.100000 1702.800000 1701.300000 1702.600000
1750.200000 1749.700000 1746.600000 1747.400000 1746.300000 1749.500000 1748.500000 1748.800000 1747.400000 1746.000000 1744.800000 1744.200000 1749.925123 1751.345455 1748.591157 1751.586203 1748.603193 1744.454371 1743.636376 1742.116081 1740.652484 1739.773593 1737.805733 1735.852391 1734.282085 1734.461652 1733.790906 1734.365929 1733.572084 1735.657324 1734.022779 1728.858175 1728.978626 1729.958943 1729.449584 1726.242854 1725.951613 1722.923321 1717.292647 1717.389596 1711.900000 1711.700000 1711.100000 1706.300000 1707.300000 1706.000000 1705.800000 1705.700000 1704.800000 1703.500000 1702.600000 1700.900000 1699.500000 1699.900000
1748.500000 1747.800000 1744.200000 1744.600000 1744.300000 1745.500000 1747.300000 1746.000000 1746.300000 1743.700000 1743.500000 1742.900000 1745.970117 1749.325864 1746.047071 1749.017934 1745.934866 1746.315627 1742.100458 1740.725679 1738.936896 1737.968006 1735.772111 1733.167449 1731.628255 1733.556924 1732.032931 1731.676818 1732.749218 1732.261726 1733.304516 1726.698204 1727.430656 1729.277029 1726.958946 1725.951613 1722.853826 1722.894031 1721.185731 1716.654089 1713.389594 1709.200000 1708.800000 1706.900000 1704.300000 1704.200000 1704.700000 1703.900000 1703.000000 1701.200000 1699.500000 1698.500000 1697.500000 1698.000000
1747.500000 1747.300000 1743.300000 1743.400000 1743.000000 1742.600000 1745.100000 1744.300000 1744.300000 1742.900000 1742.500000 1741.500000 1743.708393 1747.721994 1744.346833 1747.165496 1743.629097 1743.359003 1743.944789 1738.245807 1737.339065 1735.987404 1734.493937 1733.355257 1731.546650 1731.768490 1730.634495 1729.753020 1731.954975 1730.441138 1728.525386 1726.254671 1725.652420 1725.367394 1726.734323 1724.515418 1722.894031 1720.533178 1720.986483 1719.356694 1715.057118 1709.000000 1707.300000 1708.000000 1703.700000 1702.300000 1701.500000 1702.400000 1700.900000 1698.800000 1698.700000 1697.700000 1696.100000 1695.300000
1746.100000 1747.700000 1743.100000 1741.600000 1739.800000 1739.100000 1742.400000 1743.100000 1743.800000 1741.600000 1740.800000 1741.900000 1739.400000 1746.483721 1745.663620 1741.362466 1743.076212 1741.013165 1740.513896 1736.439987 1735.321485 1734.259452 1733.228299 1732.278646 1731.272636 1730.514662 1729.672311 1728.359673 1729.540858 1729.120251 1731.796614 1729.690915 1724.530185 1723.392139 1723.269582 1724.398261 1723.022258 1720.986483 1720.002331 1719.344156 1715.609410 1707.800000 1707.000000 1706.600000 1706.000000 1700.800000 1699.400000 1700.100000 1699.500000 1697.600000 1696.900000 1696.500000 1696.700000 1695.600000
1744.300000 1746.700000 1741.600000 1738.200000 1736.900000 1738.300000 1741.000000 1742.000000 1742.000000 1740.100000 1739.200000 1739.400000 1737.400000 1738.500000 1743.954892 1743.076212 1739.115365 1741.188901 1738.598458 1734.991370 1734.416430 1733.769864 1732.460375 1731.178932 1729.966773 1729.771854 1729.661682 1729.581478 1726.628739 1726.825462 1726.578270 1728.196754 1722.652857 1722.408651 1721.814690 1720.954127 1722.495050 1719.992345 1716.700354 1718.462127 1716.235914 1714.908908 1710.451656 1704.900000 1704.800000 1702.900000 1699.100000 1699.100000 1698.400000 1698.000000 1696.400000 1695.800000 1694.300000 1694.600000
1742.700000 1744.600000 1740.000000 1737.900000 1736.700000 1737.700000 1740.800000 1740.600000 1738.600000 1739.100000 1738.000000 1737.800000 1737.200000 1735.000000 1735.620601 1741.100138 1738.517472 1740.485957 1737.211895 1733.880503 1737.165882 1733.800906 1732.656784 1730.696679 1729.534524 1729.291326 1728.683713 1727.152935 1726.107205 1724.391255 1725.896442 1722.958828 1719.876831 1720.404034 1720.324183 1723.224145 1719.598478 1720.578132 1714.305141 1712.528891 1712.874041 1714.193207 1713.805944 1708.801063 1703.300000 1703.300000 1699.800000 1697.900000 1697.000000 1696.000000 1695.600000 1694.700000 1692.400000 1693.300000
1741.700000 1742.300000 1739.300000 1738.200000 1735.500000 1738.200000 1739.900000 1737.900000 1736.900000 1737.900000 1737.600000 1735.600000 1734.700000 1733.100000 1736.208658 1739.155648 1735.946692 1738.452700 1736.208696 1732.913555 1735.644615 1731.703449 1730.943154 1730.424377 1729.469047 1728.338487 1727.993667 1726.649695 1725.130848 1722.365108 1722.840310 1720.755152 1719.025518 1719.822884 1719.737419 1718.762691 1718.225720 1716.241641 1718.075596 1712.329981 1710.074568 1710.292619 1712.789192 1712.442361 1711.655065 1706.550103 1703.370130 1698.200000 1695.500000 1694.200000 1694.200000 1692.700000 1691.000000 1691.600000
1740.800000 1740.100000 1737.800000 1737.900000 1734.200000 1733.400000 1734.600000 1735.200000 1734.300000 1734.900000 1734.800000 1733.500000 1732.600000 1731.400000 1729.800000 1736.776300 1733.751492 1736.073362 1734.797610 1734.522643 1730.818650 1733.403228 1728.882450 1729.186872 1728.144496 1728.194803 1727.304139 1726.732377 1724.371025 1721.171603 1720.256459 1719.073859 1718.175490 1719.662271 1718.340391 1718.586960 1717.756759 1715.798252 1714.931017 1716.484833 1710.518374 1708.803493 1708.275067 1707.842138 1711.118997 1709.937510 1705.708834 1699.400000 1697.900000 1696.500000 1693.200000 1691.400000 1690.200000 1690.400000
1739.700000 1738.100000 1736.600000 1737.300000 1732.600000 1730.000000 1732.100000 1732.500000 1731.400000 1731.600000 1733.100000 1732.600000 1731.800000 1731.100000 1729.300000 1735.273198 1734.716691 1730.770318 1732.204106 1732.998425 1732.966050 1729.756002 1727.472879 1726.446725 1725.958642 1726.409710 1725.549897 1725.350074 1723.100901 1721.714944 1719.596427 1717.510759 1716.910191 1717.605107 1717.563642 1716.377487 1718.279932 1717.458791 1713.060816 1716.104072 1713.731665 1708.397293 1706.908371 1705.539026 1708.885631 1709.820328 1705.064439 1705.658444 1698.400000 1697.100000 1693.000000 1691.500000 1689.000000 1688.500000
1739.100000 1736.200000 1734.600000 1734.900000 1729.900000 1727.200000 1729.600000 1729.500000 1727.400000 1727.200000 1729.800000 1730.400000 1731.500000 1729.100000 1727.800000 1729.300392 1732.963202 1732.192132 1728.339101 1728.507151 1727.643739 1726.674502 1725.947056 1724.577519 1724.386998 1725.296506 1724.224570 1722.971286 1721.424092 1721.559653 1717.999943 1718.049214 1715.298552 1715.455054 1716.447944 1714.577605 1712.476735 1711.282997 1712.293265 1712.261266 1713.201807 1711.882010 1706.901225 1704.329299 1705.783261 1709.556749 1708.038050 1704.848506 1702.610574 1696.900000 1694.500000 1690.300000 1688.000000 1687.700000
1737.300000 1735.100000 1732.400000 1731.600000 1728.900000 1725.200000 1724.900000 1727.100000 1727.200000 1725.000000 1728.300000 1729.400000 1728.100000 1727.300000 1727.000000 1725.100000 1729.000232 1729.588932 1725.891166 1723.983467 1722.994403 1722.039647 1727.736446 1723.615961 1722.671083 1722.495117 1722.171628 1721.572998 1720.078980 1718.486665 1716.357876 1716.483800 1715.988204 1715.121962 1714.083650 1713.893063 1711.612538 1710.028357 1711.548286 1711.900270 1710.230327 1708.720160 1710.964648 1705.812022 1703.698436 1704.043821 1707.071502 1706.638308 1703.304885 1699.763880 1693.500000 1692.000000 1688.400000 1686.300000
1734.100000 1732.400000 1731.400000 1729.300000 1728.000000 1725.500000 1724.500000 1725.400000 1725.200000 1725.600000 1727.700000 1728.000000 1726.500000 1724.400000 1725.300000 1724.000000 1721.600000 1728.864064 1727.544448 1722.304997 1721.200285 1720.502593 1722.205619 1720.733544 1721.517093 1719.971320 1721.413893 1720.320190 1717.792153 1715.001171 1715.088288 1714.737595 1714.380829 1713.830819 1713.574145 1712.597598 1711.121282 1710.385971 1710.262671 1710.690348 1711.454819 1709.186351 1707.322472 1705.710958 1708.120308 1703.698436 1702.410473 1705.525314 1704.959852 1699.066024 1693.700000 1692.100000 1690.200000 1686.900000
1731.400000 1731.200000 1729.200000 1728.200000 1726.900000 1726.800000 1725.300000 1723.900000 1724.500000 1724.400000 1726.400000 1725.300000 1723.900000 1720.600000 1722.400000 1720.500000 1723.472352 1726.891734 1724.563819 1722.969163 1721.466859 1720.213138 1720.363520 1718.563335 1718.650902 1718.960917 1718.489708 1718.595648 1717.178575 1714.263027 1714.435908 1714.062632 1712.106185 1712.106185 1711.716417 1712.220731 1711.662865 1709.754986 1709.660508 1707.426652 1707.326293 1710.535464 1708.991845 1705.986216 1705.489192 1704.329626 1704.086055 1701.766992 1703.964122 1703.035947 1693.100000 1691.500000 1689.200000 1686.200000
1732.600000 1731.500000 1730.100000 1728.800000 1727.200000 1727.900000 1725.100000 1723.600000 1724.600000 1725.700000 1724.400000 1723.600000 1722.600000 1719.700000 1719.200000 1718.500000 1722.834368 1727.202633 1724.748194 1723.073415 1722.039512 1720.986305 1720.447453 1719.273266 1717.969372 1718.021730 1718.145108 1716.509151 1715.768193 1714.092095 1713.769739 1713.790046 1712.746108 1712.849669 1711.508188 1710.734861 1710.422606 1708.681675 1707.720022 1705.614661 1705.826778 1705.051963 1703.955836 1704.514167 1707.303836 1706.911724 1703.162729 1704.962114 1701.480632 1702.245135 1700.560330 1692.479442 1689.748299 1689.275562
1733.500000 1732.300000 1731.800000 1730.400000 1729.300000 1727.000000 1725.000000 1724.300000 1725.000000 1725.500000 1724.400000 1722.900000 1722.100000 1720.200000 1719.000000 1719.600000 1723.767201 1726.833155 1726.720341 1724.477393 1722.562519 1721.104540 1719.866377 1718.745602 1717.530091 1717.530032 1717.530032 1716.488828 1715.607617 1714.800610 1713.792510 1714.715382 1713.827584 1712.423699 1711.177380 1710.646182 1709.048458 1708.648292 1706.599180 1706.227299 1704.481477 1703.348730 1703.480412 1703.581942 1703.509631 1705.301219 1704.568980 1700.915126 1702.468369 1698.830935 1699.945255 1698.040349 1696.284374 1692.991201
1734.700000 1734.700000 1733.000000 1732.200000 1730.200000 1728.700000 1726.400000 1725.600000 1725.300000 1726.100000 1725.300000 1721.900000 1722.000000 1721.000000 1720.400000 1719.800000 1719.900000 1722.968730 1726.573272 1726.024259 1725.680670 1722.668364 1721.941184 1720.827395 1718.618231 1718.321361 1718.228868 1716.890770 1715.671787 1714.579478 1714.778702 1715.378164 1714.392857 1712.029495 1709.856323 1709.710795 1708.277920 1708.092472 1706.453993 1705.184810 1703.654626 1702.454339 1702.272402 1703.018305 1702.071121 1700.843470 1699.866014 1699.254169 1699.800468 1700.762450 1696.716588 1695.504260 1695.754764 1693.764836
1735.600000 1735.400000 1733.900000 1731.600000 1731.400000 1731.800000 1730.300000 1728.100000 1726.800000 1726.900000 1724.700000 1723.100000 1722.200000 1723.200000 1722.000000 1722.200000 1722.100000 1721.000000 1721.985612 1723.473301 1725.647856 1724.769177 1721.958501 1720.369258 1719.848796 1720.490901 1718.799783 1718.617298 1716.729934 1716.029977 1717.300292 1715.144850 1713.564278 1712.210257 1711.435161 1709.995405 1709.206956 1709.045691 1707.764756 1705.909603 1704.533794 1702.853079 1701.312505 1701.851056 1700.441503 1699.375365 1697.662151 1697.883883 1701.231971 1697.423896 1696.425136 1694.650883 1693.447082 1691.754923
1736.800000 1735.300000 1734.700000 1732.400000 1733.000000 1732.700000 1730.800000 1729.900000 1728.900000 1726.300000 1724.600000 1723.400000 1723.800000 1724.400000 1723.300000 1722.200000 1722.600000 1721.000000 1720.500000 1718.400000 1722.399808 1724.543494 1722.278300 1723.323684 1720.108929 1723.053647 1720.364732 1718.646093 1718.476616 1718.436250 1717.480758 1719.144413 1718.340982 1713.270107 1711.960266 1711.109702 1710.283804 1708.664146 1706.683082 1705.843914 1705.826142 1703.857146 1701.704562 1699.939444 1699.771893 1699.036589 1698.030686 1695.857332 1695.398829 1696.428405 1698.398499 1696.749016 1693.148862 1691.280505
1736.400000 1735.100000 1734.800000 1734.800000 1734.200000 1733.200000 1731.900000 1729.800000 1727.600000 1726.600000 1726.100000 1725.000000 1724.900000 1725.400000 1724.100000 1723.700000 1722.600000 1719.900000 1720.300000 1718.900000 1720.218718 1724.504583 1723.655193 1721.359395 1721.028964 1720.050351 1721.982625 1719.189027 1719.151262 1717.337839 1716.189746 1714.928216 1714.613573 1712.875371 1712.222448 1710.685863 1709.249709 1706.974166 1705.665172 1705.647192 1703.833283 1703.444699 1702.334523 1700.257429 1698.848684 1698.446402 1696.804105 1696.406343 1695.769760 1694.261057 1693.783536 1694.681064 1692.075734 1690.216652
1736.900000 1736.100000 1735.900000 1735.000000 1733.700000 1733.400000 1731.900000 1728.700000 1727.400000 1725.800000 1724.900000 1726.800000 1726.600000 1726.100000 1725.600000 1723.700000 1722.100000 1722.000000 1720.100000 1719.500000 1718.800000 1719.263889 1723.150413 1722.834984 1722.134342 1720.621891 1720.320161 1721.660631 1719.918199 1720.462124 1719.713603 1716.616564 1715.744206 1713.745513 1711.572463 1709.888512 1707.869663 1705.595578 1704.396594 1704.822225 1704.113363 1701.677558 1700.681173 1700.279791 1700.136159 1698.435788 1696.953173 1695.043785 1692.922098 1692.696432 1692.054213 1690.730280 1688.688223 1687.150090
1737.600000 1736.300000 1734.300000 1734.400000 1734.700000 1732.400000 1730.800000 1731.000000 1728.000000 1725.800000 1725.500000 1729.500000 1727.700000 1726.400000 1725.900000 1724.500000 1723.900000 1722.200000 1720.500000 1719.500000 1717.500000 1720.818153 1719.570172 1723.249546 1722.626068 1722.195227 1721.614979 1722.158549 1720.462280 1719.076834 1718.161776 1717.146726 1717.088147 1715.628640 1711.416127 1709.943561 1708.057237 1707.004225 1704.685258 1702.890758 1702.548695 1700.905292 1700.050046 1699.094774 1699.252677 1698.428327 1695.741086 1693.860153 1692.612212 1690.496056 1689.524522 1689.061391 1687.260750 1686.708845
1737.800000 1736.500000 1735.300000 1734.700000 1734.400000 1732.600000 1730.400000 1729.700000 1729.500000 1727.700000 1727.200000 1730.500000 1728.400000 1727.800000 1728.200000 1725.800000 1725.200000 1723.200000 1722.000000 1721.100000 1719.100000 1717.900000 1716.300000 1716.570825 1719.704134 1722.050184 1721.552265 1721.035557 1720.031507 1716.781764 1715.582764 1716.228797 1713.490143 1712.307264 1712.336550 1711.633606 1708.014928 1707.395015 1705.202178 1703.013339 1701.710695 1700.555315 1699.935122 1698.815705 1697.349468 1697.115941 1697.695661 1693.726162 1691.579164 1689.977209 1688.241147 1687.223736 1685.839379 1683.986679
