data/2006/output_2006_000000016000_SolidifiedLavaThickness.asc
ncols		517
nrows		378
xllcorner	499547.500000
yllcorner	4174982.500000
cellsize	10.000000
NODATA_value	0.000000
[rows 140 to 167 of 378, columns 189 to 251 of 517]
1.509590 1.778919 1.648224 0.860853 3.128512 1.305225 1.274528 1.156431 3.574487 1.885355 2.671233 2.934108 2.243709 3.110620 3.196615 2.654135 3.888227 3.089968 1.154399 0.000000 0.000000 0.000000 0.000000 0.000000 0.000000 0.000000 0.000000 0.000000 0.000000 0.000000 0.000000 0.000000 0.000000 0.000000 0.000000 0.000000 0.000000 0.000000 0.000000 0.000000 0.000000 0.000000 0.000000 0.000000 0.000000 0.000000 0.000000 0.000000 0.000000 0.000000 0.000000 0.000000 0.000000 0.000000 0.000000 0.000000 0.000000 0.000000 0.000000 0.000000 0.000000 0.000000 0.000000
0.858113 0.935505 1.021354 5.026449 4.580710 4.423399 3.455768 3.869727 3.339154 2.418679 1.633438 2.004628 2.554529 2.261551 2.932944 3.482300 3.681878 2.282397 3.742928 3.672342 1.480772 0.018958 0.000000 0.000000 0.000000 0.000000 0.000000 0.000000 0.000000 0.000000 0.000000 0.000000 0.000000 0.000000 0.000000 0.000000 0.000000 0.000000 0.000000 0.000000 0.000000 0.000000 0.000000 0.000000 0.000000 0.000000 0.000000 0.000000 0.000000 0.000000 0.000000 0.000000 0.000000 0.000000 0.000000 0.000000 0.000000 0.000000 0.000000 0.000000 0.000000 0.000000 0.000000
4.357581 3.582394 3.588971 4.895704 0.000000 0.000000 0.000000 3.103790 3.934620 4.087353 4.064256 3.103210 2.860683 4.255165 1.825859 1.310561 2.801798 3.259924 3.404026 2.314169 4.573209 3.601340 1.194394 1.935124 0.000000 0.000000 0.000000 0.000000 0.000000 0.000000 0.000000 0.000000 0.000000 0.000000 0.000000 0.000000 0.000000 0.000000 0.000000 0.000000 0.000000 0.000000 0.000000 0.000000 0.000000 0.000000 0.000000 0.000000 0.000000 0.000000 0.000000 0.000000 0.000000 0.000000 0.000000 0.000000 0.000000 0.000000 0.000000 0.000000 0.000000 0.000000 0.000000
4.023439 3.636452 4.844865 2.372727 1.373683 0.864959 0.243919 0.000000 0.000000 3.184171 4.640344 3.264984 2.831124 3.745151 3.434611 3.466156 4.265338 1.917074 2.651815 3.092000 4.366056 2.948552 4.138046 4.582722 2.037847 2.392543 0.000000 0.000000 0.000000 0.000000 0.000000 0.000000 0.000000 0.000000 0.000000 0.000000 0.000000 0.000000 0.000000 0.000000 0.000000 0.000000 0.000000 0.000000 0.000000 0.000000 0.000000 0.000000 0.000000 0.000000 0.000000 0.000000 0.000000 0.000000 0.000000 0.000000 0.000000 0.000000 0.000000 0.000000 0.000000 0.000000 0.000000
4.239699 2.863179 5.389423 1.513530 3.298255 3.140009 3.548737 0.958649 0.880956 0.000000 0.000000 3.158584 4.932198 5.519963 3.403883 1.766078 1.858564 2.298132 4.790225 3.001686 3.296767 3.338491 3.734846 5.307254 0.697553 5.141800 1.521904 1.131697 0.000000 0.000000 0.000000 0.000000 0.000000 0.000000 0.000000 0.000000 0.000000 0.000000 0.000000 0.000000 0.000000 0.000000 0.000000 0.000000 0.000000 0.000000 0.000000 0.000000 0.000000 0.000000 0.000000 0.000000 0.000000 0.000000 0.000000 0.000000 0.000000 0.000000 0.000000 0.000000 0.000000 0.000000 0.000000
3.977196 3.004632 2.508393 3.857644 1.252923 0.983944 0.975414 0.916283 4.236089 3.095580 2.027680 0.000000 0.000000 0.000000 0.264165 4.399151 5.421085 0.669929 4.609632 2.238840 3.981299 4.494964 1.534617 2.964474 5.172613 0.966232 0.776741 4.159015 1.040480 0.000000 0.000000 0.000000 0.000000 0.000000 0.000000 0.000000 0.000000 0.000000 0.000000 0.000000 0.000000 0.000000 0.000000 0.000000 0.000000 0.000000 0.000000 0.000000 0.000000 0.000000 0.000000 0.000000 0.000000 0.000000 0.000000 0.000000 0.000000 0.000000 0.000000 0.000000 0.000000 0.000000 0.000000
2.854799 3.421092 2.841618 2.598757 4.155193 1.358274 1.419277 1.292083 1.580194 2.785068 6.045898 3.235301 0.108299 0.000000 0.000000 0.000000 0.000000 0.956228 5.025034 3.540147 1.789465 2.680912 2.932084 4.559981 2.594237 5.414769 1.229844 1.359086 1.144693 3.564960 0.090607 0.000000 0.000000 0.000000 0.000000 0.000000 0.000000 0.000000 0.000000 0.000000 0.000000 0.000000 0.000000 0.000000 0.000000 0.000000 0.000000 0.000000 0.000000 0.000000 0.000000 0.000000 0.000000 0.000000 0.000000 0.000000 0.000000 0.000000 0.000000 0.000000 0.000000 0.000000 0.000000
1.944966 3.164454 3.892612 3.300746 3.689500 1.510374 1.354466 1.508056 1.579967 0.913645 2.507801 3.983418 3.872774 0.802293 0.000000 0.000000 0.000000 0.000000 0.000000 2.560540 2.133539 4.354501 4.777181 4.855569 4.670520 1.869679 2.415560 1.259959 1.552147 1.948150 4.694350 0.823896 0.000000 0.000000 0.000000 0.000000 0.000000 0.000000 0.000000 0.000000 0.000000 0.000000 0.000000 0.000000 0.000000 0.000000 0.000000 0.000000 0.000000 0.000000 0.000000 0.000000 0.000000 0.000000 0.000000 0.000000 0.000000 0.000000 0.000000 0.000000 0.000000 0.000000 0.000000
6.009856 2.699928 3.460734 3.463499 2.630867 3.535815 1.312707 1.219053 1.431022 1.635723 3.173866 1.813092 3.764515 4.739102 4.492943 0.873842 0.209196 0.000000 0.000000 0.000000 2.914592 3.026839 0.953658 2.343017 0.514679 2.005386 4.510612 0.983170 1.143055 1.636952 1.378900 4.736158 0.648795 0.202310 0.000000 0.000000 0.000000 0.000000 0.000000 0.000000 0.000000 0.000000 0.000000 0.000000 0.000000 0.000000 0.000000 0.000000 0.000000 0.000000 0.000000 0.000000 0.000000 0.000000 0.000000 0.000000 0.000000 0.000000 0.000000 0.000000 0.000000 0.000000 0.000000
5.014149 4.064306 5.512890 2.590940 3.831020 2.873365 6.606258 2.060995 1.273730 1.469406 1.658081 1.826888 1.777267 1.106373 2.679038 1.998756 3.499589 3.149287 0.000000 0.000000 0.000000 3.948356 2.060400 0.746172 0.521402 0.528154 0.679018 0.758179 0.926622 0.976898 0.767790 2.796543 0.643177 4.517724 1.217129 0.000000 0.000000 0.000000 0.000000 0.000000 0.000000 0.000000 0.000000 0.000000 0.000000 0.000000 0.000000 0.000000 0.000000 0.000000 0.000000 0.000000 0.000000 0.000000 0.000000 0.000000 0.000000 0.000000 0.000000 0.000000 0.000000 0.000000 0.000000
1.328855 0.813380 4.603387 3.591972 3.172521 2.399719 3.736813 1.239521 2.431904 1.191457 1.423741 1.579980 1.857320 1.849776 1.642750 1.761981 1.909758 6.053284 2.256699 2.462958 0.000000 0.000000 4.201379 2.425124 0.773403 2.206183 2.301589 0.662678 0.868122 0.976090 1.673032 0.714504 1.822274 1.200199 0.790867 4.451030 0.414722 0.000000 0.000000 0.000000 0.000000 0.000000 0.000000 0.000000 0.000000 0.000000 0.000000 0.000000 0.000000 0.000000 0.000000 0.000000 0.000000 0.000000 0.000000 0.000000 0.000000 0.000000 0.000000 0.000000 0.000000 0.000000 0.000000
3.147742 2.207427 0.820253 2.725268 6.358728 4.673651 3.893595 4.272121 1.255859 2.635574 1.322076 1.498718 1.633502 1.642430 1.969697 2.476996 3.765803 3.708072 4.970994 5.183212 2.075423 2.984371 0.929011 4.811013 2.692180 2.659320 0.948439 1.455040 0.576880 0.861435 1.055230 1.896756 1.365339 1.362412 1.474496 1.308026 5.885710 0.035889 0.000000 0.000000 0.000000 0.000000 0.000000 0.000000 0.000000 0.000000 0.000000 0.000000 0.000000 0.000000 0.000000 0.000000 0.000000 0.000000 0.000000 0.000000 0.000000 0.000000 0.000000 0.000000 0.000000 0.000000 0.000000
2.225838 3.100073 1.904310 2.910235 0.894721 1.539634 0.839909 0.962219 1.314818 1.379908 1.152491 1.500435 1.678758 1.512343 1.609775 2.239332 2.554770 1.827435 3.972800 3.470249 4.009471 6.127900 4.930348 2.699626 6.006465 2.946734 0.858402 1.120275 2.489852 0.830471 0.945694 1.026499 1.108763 1.325932 1.429131 1.406319 1.841331 0.963030 3.514712 0.000000 0.000000 0.000000 0.000000 0.000000 0.000000 0.000000 0.000000 0.000000 0.000000 0.000000 0.000000 0.000000 0.000000 0.000000 0.000000 0.000000 0.000000 0.000000 0.000000 0.000000 0.000000 0.000000 0.000000
1.297703 1.533941 2.238315 4.235344 2.556857 0.997541 3.192150 1.834362 3.047923 0.756055 1.319194 1.286601 1.187914 1.629472 1.684938 1.635512 1.978452 2.427176 2.251494 1.629687 4.146606 4.793798 4.563957 1.668066 7.078998 5.957734 8.551472 0.812258 1.636876 2.144372 2.691004 1.195145 0.919129 1.069105 1.650719 1.431523 1.550006 2.416999 2.952294 5.480338 0.545788 0.000000 0.000000 0.000000 0.000000 0.000000 0.000000 0.000000 0.000000 0.000000 0.000000 0.000000 0.000000 0.000000 0.000000 0.000000 0.000000 0.000000 0.000000 0.000000 0.000000 0.000000 0.000000
1.701685 1.443570 1.573492 2.000395 1.434313 1.398341 3.910271 1.327912 2.872326 1.288797 0.804851 1.046917 1.517781 2.909134 2.622329 1.771627 2.287696 2.445861 2.422450 2.008201 1.938969 4.441741 4.361773 4.418252 2.265379 1.667976 7.117680 6.162226 2.454624 2.410795 2.320028 1.274999 1.477229 0.852930 1.042363 0.675076 1.511503 1.468801 2.670780 2.096513 1.311975 4.498207 0.346492 0.000000 0.000000 0.000000 0.000000 0.000000 0.000000 0.000000 0.000000 0.000000 0.000000 0.000000 0.000000 0.000000 0.000000 0.000000 0.000000 0.000000 0.000000 0.000000 0.000000
0.906929 3.313435 1.635898 1.610897 1.749330 1.760379 1.771804 1.780633 0.982655 1.489667 1.695578 3.111806 0.892378 1.212983 1.394115 0.827705 2.891487 2.662072 2.639647 2.540828 1.818674 1.792534 4.423838 4.750467 5.240222 2.067918 1.948630 2.014174 8.294981 7.902129 1.525988 2.194222 1.735309 1.707569 0.889315 2.350674 0.672315 1.043724 1.629992 2.473195 1.171833 1.482697 5.307257 2.194260 0.520428 0.000000 0.000000 0.000000 0.000000 0.000000 0.000000 0.000000 0.000000 0.000000 0.000000 0.000000 0.000000 0.000000 0.000000 0.000000 0.000000 0.000000 0.000000
2.586813 2.376633 1.125199 3.041284 1.349673 1.728042 1.898103 1.942350 1.786145 1.196507 1.793259 1.606632 1.718097 2.816082 1.005685 1.207858 1.341348 0.843782 2.984223 2.988006 1.718551 2.361258 2.021935 3.864500 4.423405 5.386176 1.782047 2.119805 3.002587 3.381559 7.840222 2.845942 3.740605 1.128800 0.950261 1.307332 2.219512 2.570857 1.003586 1.948848 1.693472 1.266046 1.765781 3.490826 4.845088 1.055246 0.164455 0.000000 0.000000 0.000000 0.000000 0.000000 0.000000 0.000000 0.000000 0.000000 0.000000 0.000000 0.000000 0.000000 0.000000 0.000000 0.000000
1.906420 2.458418 2.768065 2.255530 1.181402 3.156761 1.888688 1.874372 1.748965 1.847162 3.981280 1.297255 1.691981 1.702762 1.616336 2.985119 1.008798 1.145942 1.284738 3.297621 1.888675 1.623945 2.083308 3.361429 1.343890 4.714779 5.060067 2.015625 1.883195 2.646376 3.775447 8.422529 7.795352 7.907187 1.596640 1.276958 1.700358 1.001523 0.917129 0.931431 1.870837 1.730255 1.245579 1.776336 2.075607 1.134738 2.923799 1.916228 0.000000 0.000000 0.000000 0.000000 0.000000 0.000000 0.000000 0.000000 0.000000 0.000000 0.000000 0.000000 0.000000 0.000000 0.000000
1.003823 1.469465 1.585043 1.801164 1.882994 1.564958 1.960238 2.165903 1.746936 1.749691 1.893170 1.992605 3.484161 1.287661 1.678014 1.665779 1.419326 3.399275 1.082608 1.250609 3.391406 1.661727 1.810681 2.553225 2.487480 2.898976 2.768963 4.863988 1.835238 1.980323 2.644282 2.798490 3.792655 8.547507 6.895209 3.592622 1.212069 2.831228 1.109848 1.031447 1.091129 2.919342 1.900940 0.954275 1.187773 2.208529 2.229134 5.176856 2.417417 0.000000 0.000000 0.000000 0.000000 0.000000 0.000000 0.000000 0.000000 0.000000 0.000000 0.000000 0.000000 0.000000 0.000000
4.682532 3.742469 1.192760 1.208826 1.295366 1.859265 1.718930 2.713302 3.185887 2.099390 1.868520 1.782827 4.298502 3.850260 3.623543 1.232758 1.764122 1.379541 1.456635 3.322212 0.941363 3.142814 1.338484 1.535323 1.823851 2.369553 2.919682 2.456879 4.652528 5.045858 1.768591 1.823172 2.452188 4.773259 8.891788 7.581648 1.984864 1.092476 1.075807 0.893947 0.894739 1.451743 1.388410 1.579092 1.268304 2.521041 3.657109 2.889717 6.585184 3.339617 1.576387 0.000000 0.000000 0.000000 0.000000 0.000000 0.000000 0.000000 0.000000 0.000000 0.000000 0.000000 0.000000
4.028845 2.323845 2.847521 1.087162 1.410296 1.405882 1.815864 2.132797 1.526463 1.095770 1.181359 1.370273 3.594663 3.826387 4.855415 3.892459 1.052489 1.926425 1.795317 1.462820 1.410878 1.043406 2.454608 1.171432 1.459000 1.666166 1.938978 2.503762 2.497295 4.205335 2.721789 2.227718 2.980437 3.155810 3.174920 5.870612 8.048225 2.946752 1.690328 1.675882 1.819880 1.621907 2.916595 1.342018 0.936847 1.880186 1.989577 3.625552 3.994881 1.600852 6.109199 3.463874 0.000000 0.000000 0.000000 0.000000 0.000000 0.000000 0.000000 0.000000 0.000000 0.000000 0.000000
0.869548 0.951829 1.708672 4.665789 1.244707 1.681421 2.365353 2.203409 1.983951 2.655051 2.507456 2.334453 3.018729 2.147551 2.991794 4.788143 3.638533 3.866770 1.354696 1.626087 1.825617 1.549873 3.353184 3.562785 0.996269 1.316547 1.554617 1.644636 2.035459 2.735597 1.268302 3.226692 4.992232 1.974381 2.982276 3.203474 6.053876 7.985921 2.933391 2.968862 1.955639 1.951486 1.888983 2.255198 1.548310 2.748131 3.229619 3.326588 3.682737 3.456333 3.805730 6.853829 3.695091 2.550980 0.000000 0.000000 0.000000 0.000000 0.000000 0.000000 0.000000 0.000000 0.000000
2.724738 2.463858 0.570654 1.064021 1.599218 3.731652 1.935086 2.405705 3.033917 1.864362 1.701168 1.647616 1.702149 2.019047 2.687946 1.505395 4.481162 2.883748 3.062411 3.030656 1.450036 1.803835 1.616569 1.624407 2.310011 2.267786 1.098613 1.414072 1.469828 1.646747 2.127367 2.583371 1.712557 4.045560 3.163398 3.490361 2.637132 6.275186 8.702733 2.836832 2.752499 0.997196 3.499506 1.924062 3.425890 1.310948 1.052026 0.931081 1.172935 1.715071 3.542026 3.518768 4.212853 5.980583 3.411372 0.000000 0.000000 0.000000 0.000000 0.000000 0.000000 0.000000 0.000000
1.073532 6.970793 6.148818 5.629959 0.602590 1.220847 3.860521 1.774018 3.102845 1.930044 1.801313 2.180136 1.959180 1.747481 2.100477 2.767202 2.542260 1.536041 1.857794 1.790554 2.797493 1.375809 1.741536 1.561214 1.641989 2.141684 1.521341 1.516538 1.801428 1.607988 2.389863 2.701220 2.806014 2.296125 4.159914 3.155246 3.238272 6.065670 6.098567 7.814987 2.941580 1.881929 1.453620 2.868689 3.290607 3.722212 5.842224 3.189219 1.016337 3.041031 1.804953 3.017949 3.246840 4.262148 6.592054 3.166901 0.000000 0.000000 0.000000 0.000000 0.000000 0.000000 0.000000
5.048067 1.795136 6.999022 3.476671 1.427158 4.920254 0.656119 1.419851 4.210029 1.688359 1.890891 1.919438 2.171426 2.011551 2.170102 2.171384 2.632100 3.274870 2.505059 3.124733 2.170801 2.105887 4.688698 4.366831 2.182174 1.270260 2.092947 2.381137 2.974694 1.905194 1.598812 2.399915 2.418069 2.566084 2.158755 1.135602 4.224652 2.899739 5.566806 5.042843 7.341671 2.471327 3.552479 1.888582 3.898756 3.408454 6.183950 1.052038 4.450000 3.765199 3.014506 1.943564 3.262639 2.629951 3.732240 6.272242 3.164116 0.000000 0.000000 0.000000 0.000000 0.000000 0.000000
0.000000 3.983151 1.560645 5.487407 0.000000 0.000000 2.163459 5.593631 0.671976 2.138109 1.721750 1.977565 1.960125 2.612539 2.549151 2.221790 2.796701 2.824882 3.234567 3.969593 3.394458 2.912862 3.207310 4.092845 2.911944 3.990823 1.300761 2.114126 3.083527 1.149046 2.123762 1.735411 1.596716 1.629184 2.190538 1.771543 2.144298 2.147754 2.810471 4.858863 5.752206 6.373027 3.726111 3.564951 2.501394 4.358549 2.523449 5.068323 1.325334 2.804345 6.288147 2.618529 1.299684 3.379224 2.398685 3.524883 6.024213 3.312273 2.889883 0.000000 0.000000 0.000000 0.000000
0.000000 0.000000 4.112332 3.871067 0.000000 0.000000 0.000000 0.000000 3.181816 0.655733 1.611597 4.580451 1.966242 1.866042 2.525552 3.129440 2.731488 3.483785 3.080944 3.321071 3.441186 3.386050 3.818878 3.333833 4.008316 3.237054 2.850349 4.602955 1.616383 2.877353 4.080768 1.477885 1.352051 1.549537 1.569816 2.499711 2.830176 3.176385 3.697237 4.220223 3.183842 5.407500 6.241380 5.252946 3.596719 2.477721 3.174521 3.972157 6.709231 2.826524 2.392395 6.108607 2.587848 1.481327 2.786221 1.962684 1.383274 3.048315 6.187904 3.420799 0.000000 0.000000 0.000000
0.000000 0.000000 0.000000 0.000000 2.677275 0.000000 0.000000 0.000000 0.000000 2.097683 5.461078 0.683970 2.212598 4.869192 4.730722 1.555676 2.590490 3.175155 3.013116 2.850271 4.022953 4.684569 3.163342 2.443701 2.891295 4.153657 3.495212 2.076823 3.994026 1.778969 2.388663 2.163051 3.840725 1.165711 1.429542 1.468110 2.514732 4.064339 4.144819 4.673842 4.583177 4.049743 3.350956 3.370652 7.483172 3.179785 1.795839 4.226768 1.513414 3.601976 5.859252 4.063245 4.160009 2.246508 3.212186 2.980850 1.228058 1.643714 1.672138 5.259780 2.542304 2.345959 0.000000
