data/2006/output_2006_000000016000_Morphology.asc
ncols		517
nrows		378
xllcorner	499547.500000
yllcorner	4174982.500000
cellsize	10.000000
NODATA_value	0.000000
[rows 0 to 23 of 378, columns 432 to 485 of 517]
2170.100000 2168.000000 2165.800000 2163.000000 2159.900000 2156.800000 2153.900000 2151.400000 2146.700000 2140.200000 2133.000000 2127.300000 2121.600000 2116.900000 2111.900000 2108.600000 2106.200000 2103.700000 2101.500000 2099.100000 2096.000000 2093.400000 2091.200000 2089.400000 2087.300000 2086.400000 2086.300000 2087.500000 2088.200000 2090.000000 2090.200000 2090.000000 2088.800000 2087.500000 2085.300000 2083.000000 2079.000000 2076.200000 2074.100000 2070.900000 2067.500000 2064.200000 2061.000000 2057.900000 2055.400000 2053.600000 2051.800000 2049.000000 2045.600000 2042.500000 2038.900000 2035.500000 2031.300000 2027.500000
2170.300000 2167.200000 2164.900000 2162.700000 2159.400000 2156.000000 2152.900000 2149.900000 2144.200000 2138.100000 2131.600000 2124.800000 2119.700000 2115.100000 2113.000000 2110.600000 2107.800000 2104.900000 2102.600000 2100.200000 2097.800000 2095.600000 2093.900000 2092.000000 2091.100000 2091.300000 2092.100000 2093.700000 2094.000000 2094.900000 2095.200000 2094.100000 2091.800000 2088.300000 2086.200000 2083.700000 2080.600000 2077.200000 2073.700000 2070.400000 2067.100000 2064.300000 2061.300000 2058.500000 2056.000000 2052.900000 2050.400000 2047.600000 2042.800000 2040.300000 2036.200000 2033.400000 2032.100000 2027.400000
2171.000000 2167.600000 2163.600000 2159.600000 2157.000000 2153.600000 2150.200000 2144.800000 2139.600000 2135.000000 2129.900000 2123.800000 2119.200000 2116.600000 2114.900000 2112.400000 2109.900000 2107.500000 2105.200000 2102.800000 2101.300000 2099.100000 2097.000000 2096.400000 2096.200000 2097.000000 2098.300000 2099.200000 2099.300000 2100.000000 2099.000000 2095.500000 2092.100000 2090.500000 2087.800000 2084.400000 2080.900000 2077.100000 2072.800000 2068.900000 2065.800000 2063.300000 2060.300000 2057.300000 2053.300000 2049.600000 2046.800000 2043.700000 2040.600000 2038.000000 2035.900000 2034.900000 2032.700000 2032.300000
2172.300000 2168.400000 2164.100000 2160.500000 2157.300000 2154.900000 2149.100000 2143.100000 2136.600000 2132.000000 2127.100000 2123.500000 2121.000000 2119.000000 2117.200000 2115.200000 2112.700000 2111.000000 2109.400000 2107.800000 2106.200000 2104.500000 2101.600000 2101.800000 2102.500000 2102.600000 2103.500000 2104.300000 2104.000000 2103.100000 2100.300000 2097.300000 2094.800000 2090.900000 2087.000000 2083.600000 2079.600000 2075.900000 2072.100000 2068.500000 2064.700000 2060.700000 2057.000000 2054.600000 2050.700000 2048.200000 2047.100000 2043.800000 2041.200000 2038.400000 2037.800000 2036.700000 2036.200000 2035.200000
2173.200000 2168.300000 2165.200000 2162.100000 2159.100000 2152.900000 2145.300000 2139.100000 2134.600000 2131.200000 2128.800000 2126.300000 2123.600000 2121.300000 2119.700000 2119.100000 2118.600000 2115.800000 2114.400000 2113.600000 2111.400000 2108.800000 2107.500000 2107.900000 2108.600000 2108.400000 2108.300000 2108.200000 2106.000000 2103.400000 2102.000000 2098.700000 2094.700000 2090.900000 2086.600000 2082.800000 2078.400000 2074.800000 2070.600000 2066.300000 2062.100000 2058.200000 2055.600000 2052.600000 2051.400000 2050.700000 2047.800000 2045.400000 2043.700000 2042.000000 2040.800000 2039.400000 2038.300000 2035.700000
2173.000000 2169.800000 2166.700000 2163.400000 2156.700000 2149.900000 2143.700000 2139.500000 2136.000000 2132.700000 2130.800000 2128.200000 2127.000000 2125.600000 2126.300000 2127.400000 2126.300000 2122.900000 2122.600000 2120.400000 2117.500000 2114.500000 2113.700000 2114.300000 2113.800000 2112.200000 2110.800000 2109.000000 2106.800000 2104.600000 2101.400000 2097.900000 2094.200000 2090.000000 2085.500000 2082.200000 2077.500000 2073.900000 2067.400000 2064.000000 2061.900000 2059.900000 2057.400000 2055.500000 2055.300000 2052.300000 2050.700000 2049.000000 2048.000000 2045.000000 2045.200000 2041.900000 2039.300000 2036.500000
2175.700000 2171.500000 2167.400000 2161.200000 2154.200000 2148.100000 2144.100000 2141.600000 2138.900000 2135.900000 2134.300000 2132.100000 2131.600000 2132.400000 2134.300000 2134.900000 2133.200000 2131.100000 2128.100000 2126.000000 2122.600000 2121.000000 2119.500000 2118.100000 2116.000000 2113.600000 2111.200000 2110.100000 2107.900000 2105.000000 2101.700000 2097.100000 2093.100000 2090.000000 2084.900000 2080.800000 2075.800000 2071.100000 2068.600000 2066.400000 2064.800000 2062.900000 2060.800000 2059.400000 2057.600000 2055.600000 2053.600000 2052.700000 2050.200000 2049.000000 2047.400000 2043.400000 2039.900000 2036.600000
2174.900000 2171.400000 2167.300000 2160.800000 2153.500000 2148.800000 2146.300000 2143.100000 2141.800000 2140.200000 2138.400000 2137.100000 2139.200000 2139.900000 2139.100000 2137.300000 2135.300000 2133.200000 2130.600000 2127.500000 2125.100000 2123.700000 2121.900000 2119.300000 2116.600000 2114.600000 2113.000000 2110.500000 2107.100000 2103.300000 2099.700000 2097.400000 2091.800000 2088.700000 2085.900000 2082.700000 2077.100000 2074.100000 2071.700000 2069.900000 2068.500000 2067.200000 2065.600000 2063.200000 2061.500000 2059.200000 2057.100000 2055.900000 2052.800000 2050.000000 2047.300000 2044.400000 2040.500000 2037.700000
2174.600000 2170.400000 2165.800000 2160.200000 2154.500000 2151.500000 2149.100000 2147.000000 2145.500000 2145.300000 2145.000000 2145.600000 2146.400000 2144.000000 2141.300000 2139.500000 2137.200000 2134.900000 2131.700000 2129.200000 2127.200000 2124.400000 2121.800000 2119.700000 2118.600000 2116.700000 2114.200000 2110.700000 2106.600000 2103.300000 2100.300000 2097.200000 2094.400000 2091.200000 2087.200000 2082.900000 2079.700000 2077.500000 2075.600000 2073.800000 2073.100000 2071.900000 2069.500000 2068.300000 2065.900000 2063.800000 2060.900000 2058.800000 2055.900000 2052.000000 2048.300000 2045.600000 2041.400000 2039.800000
2174.400000 2169.900000 2167.000000 2161.700000 2156.500000 2154.100000 2153.200000 2151.000000 2150.400000 2151.800000 2152.700000 2151.200000 2149.000000 2146.200000 2143.800000 2141.600000 2139.100000 2136.100000 2133.800000 2131.000000 2128.000000 2125.700000 2123.600000 2122.400000 2121.500000 2118.700000 2115.000000 2111.300000 2108.000000 2106.400000 2104.700000 2101.100000 2097.500000 2093.200000 2089.100000 2085.700000 2083.000000 2081.200000 2079.600000 2078.800000 2077.700000 2075.900000 2074.300000 2072.300000 2070.700000 2068.700000 2065.700000 2061.900000 2057.500000 2053.800000 2049.900000 2046.200000 2042.700000 2039.000000
2174.700000 2171.600000 2167.600000 2162.800000 2159.700000 2157.900000 2156.200000 2155.200000 2156.700000 2156.200000 2155.600000 2153.700000 2151.300000 2148.800000 2146.200000 2143.800000 2141.200000 2138.800000 2136.600000 2133.200000 2130.700000 2128.400000 2126.900000 2125.400000 2123.600000 2120.200000 2116.500000 2113.200000 2111.400000 2110.000000 2107.700000 2104.200000 2100.600000 2095.600000 2092.300000 2089.300000 2087.000000 2085.700000 2084.600000 2083.800000 2083.000000 2080.500000 2079.000000 2077.500000 2075.300000 2072.600000 2069.700000 2066.500000 2062.100000 2056.900000 2052.700000 2048.600000 2044.600000 2041.000000
2176.400000 2173.500000 2170.100000 2166.400000 2163.900000 2161.900000 2161.100000 2161.100000 2160.400000 2159.700000 2157.900000 2155.600000 2153.400000 2151.300000 2148.600000 2146.100000 2143.800000 2141.500000 2139.100000 2136.100000 2133.800000 2132.100000 2130.300000 2128.400000 2125.700000 2122.200000 2118.700000 2116.800000 2115.400000 2114.000000 2111.900000 2107.500000 2103.200000 2099.300000 2096.100000 2093.300000 2091.500000 2090.500000 2089.900000 2089.000000 2087.400000 2085.600000 2084.500000 2082.600000 2080.600000 2077.100000 2074.000000 2070.500000 2065.500000 2059.900000 2055.800000 2050.600000 2046.000000 2042.000000
2179.500000 2176.600000 2174.500000 2171.900000 2169.400000 2168.400000 2167.400000 2165.900000 2164.000000 2162.400000 2160.000000 2157.800000 2155.500000 2153.200000 2150.600000 2148.600000 2146.200000 2144.000000 2141.300000 2139.100000 2137.100000 2135.500000 2134.000000 2132.000000 2129.500000 2125.600000 2123.600000 2122.300000 2120.800000 2119.000000 2116.400000 2111.200000 2106.900000 2103.100000 2100.000000 2097.600000 2096.200000 2096.200000 2096.400000 2094.900000 2092.100000 2090.700000 2088.100000 2086.200000 2084.500000 2081.700000 2077.300000 2072.100000 2066.100000 2061.500000 2057.300000 2050.700000 2047.200000 2044.700000
2182.900000 2181.900000 2180.700000 2177.500000 2175.500000 2173.400000 2171.000000 2169.100000 2167.000000 2165.300000 2162.700000 2160.300000 2158.000000 2155.700000 2153.400000 2151.200000 2148.800000 2146.800000 2144.700000 2142.600000 2140.800000 2139.500000 2138.000000 2135.800000 2133.500000 2131.100000 2129.400000 2128.200000 2126.600000 2124.100000 2119.900000 2114.900000 2109.900000 2107.000000 2104.100000 2102.400000 2101.900000 2102.300000 2102.400000 2099.300000 2097.100000 2095.500000 2092.700000 2090.100000 2088.300000 2084.700000 2078.200000 2072.500000 2066.900000 2059.800000 2055.800000 2053.100000 2050.000000 2047.300000
2187.500000 2186.100000 2184.700000 2182.300000 2179.200000 2176.900000 2174.500000 2172.100000 2170.200000 2168.300000 2166.000000 2163.200000 2160.900000 2158.800000 2156.500000 2154.400000 2152.500000 2150.500000 2148.700000 2147.300000 2145.800000 2144.500000 2142.400000 2140.600000 2139.300000 2137.600000 2135.300000 2134.400000 2133.200000 2129.300000 2124.800000 2119.700000 2113.900000 2111.300000 2108.700000 2107.700000 2107.700000 2107.800000 2108.200000 2105.400000 2102.200000 2100.100000 2097.500000 2094.100000 2091.600000 2086.000000 2079.500000 2073.000000 2066.700000 2061.900000 2058.800000 2055.400000 2052.800000 2050.200000
2188.300000 2187.000000 2184.400000 2182.800000 2181.400000 2178.800000 2175.800000 2173.200000 2171.600000 2170.500000 2169.300000 2166.900000 2165.200000 2163.100000 2160.600000 2158.000000 2154.900000 2151.400000 2148.500000 2145.800000 2144.800000 2143.600000 2142.000000 2140.500000 2139.500000 2137.800000 2135.200000 2135.100000 2136.000000 2133.200000 2127.400000 2122.300000 2117.100000 2115.000000 2113.600000 2113.500000 2113.900000 2114.400000 2114.400000 2111.200000 2107.100000 2105.200000 2101.200000 2097.300000 2093.500000 2088.200000 2081.400000 2074.400000 2068.100000 2064.100000 2061.100000 2058.000000 2056.000000 2054.700000
2181.700000 2179.700000 2177.000000 2176.100000 2177.600000 2177.100000 2173.600000 2170.200000 2169.100000 2168.800000 2169.600000 2169.400000 2167.800000 2164.200000 2160.300000 2156.000000 2151.800000 2147.900000 2144.200000 2141.000000 2138.800000 2137.600000 2134.400000 2132.000000 2130.400000 2130.900000 2128.400000 2126.300000 2129.600000 2128.000000 2123.800000 2118.700000 2115.700000 2116.800000 2118.000000 2118.500000 2119.800000 2119.700000 2118.100000 2113.500000 2108.900000 2105.600000 2100.500000 2095.900000 2091.100000 2085.300000 2080.400000 2074.500000 2069.600000 2066.800000 2064.400000 2062.400000 2061.700000 2060.300000
2174.600000 2172.800000 2170.200000 2168.200000 2169.900000 2171.600000 2168.900000 2164.800000 2162.600000 2163.000000 2164.100000 2165.000000 2165.600000 2160.800000 2156.100000 2151.900000 2147.400000 2143.500000 2139.400000 2135.600000 2132.400000 2130.400000 2128.200000 2126.000000 2123.600000 2122.000000 2119.100000 2118.700000 2122.700000 2119.800000 2114.400000 2110.000000 2110.800000 2112.100000 2114.300000 2122.700000 2123.400000 2121.300000 2117.500000 2112.600000 2106.600000 2102.200000 2097.800000 2093.600000 2089.000000 2084.800000 2080.600000 2076.700000 2074.200000 2072.800000 2070.800000 2068.400000 2066.100000 2063.400000
2168.200000 2167.300000 2164.400000 2162.000000 2162.800000 2164.200000 2162.800000 2159.300000 2156.700000 2156.900000 2158.300000 2159.700000 2160.500000 2157.600000 2152.500000 2147.500000 2142.800000 2138.100000 2132.800000 2127.500000 2125.600000 2123.100000 2122.100000 2118.900000 2116.300000 2114.900000 2113.000000 2109.800000 2106.300000 2106.200000 2103.800000 2104.400000 2105.500000 2107.100000 2109.400000 2118.900000 2120.200000 2119.100000 2115.600000 2111.400000 2107.600000 2103.600000 2099.900000 2095.500000 2091.700000 2087.900000 2085.900000 2082.900000 2080.100000 2079.300000 2076.400000 2073.900000 2069.600000 2065.600000
2156.400000 2158.100000 2157.800000 2154.600000 2156.400000 2157.600000 2156.600000 2153.600000 2149.400000 2149.100000 2151.000000 2153.900000 2155.700000 2154.800000 2149.200000 2143.800000 2137.600000 2131.300000 2126.000000 2120.300000 2115.700000 2112.800000 2111.700000 2111.700000 2106.100000 2105.300000 2103.200000 2100.800000 2097.900000 2096.800000 2096.700000 2098.400000 2099.100000 2102.000000 2103.800000 2104.800000 2109.400000 2111.000000 2112.800000 2114.100000 2112.700000 2109.600000 2105.100000 2100.500000 2095.900000 2092.700000 2091.900000 2089.300000 2087.300000 2084.800000 2081.700000 2078.000000 2073.600000 2068.200000
2150.100000 2151.000000 2148.100000 2145.500000 2146.700000 2149.700000 2146.300000 2142.300000 2140.500000 2140.900000 2144.400000 2147.800000 2150.000000 2152.800000 2147.400000 2140.900000 2134.800000 2125.600000 2119.200000 2113.900000 2109.500000 2105.300000 2104.500000 2105.500000 2099.000000 2097.200000 2094.200000 2092.800000 2091.300000 2089.400000 2089.300000 2091.300000 2093.200000 2096.400000 2097.900000 2099.300000 2100.200000 2101.900000 2104.600000 2109.900000 2110.900000 2111.900000 2108.700000 2104.300000 2100.600000 2098.700000 2097.800000 2095.000000 2092.400000 2088.400000 2084.000000 2079.800000 2075.900000 2071.600000
2137.300000 2135.000000 2133.100000 2131.100000 2135.000000 2141.700000 2137.600000 2132.200000 2131.800000 2133.100000 2137.700000 2141.000000 2146.500000 2150.600000 2144.800000 2139.600000 2132.300000 2121.900000 2115.200000 2108.700000 2103.000000 2098.900000 2096.600000 2094.900000 2092.200000 2087.300000 2085.100000 2084.300000 2083.200000 2081.800000 2082.100000 2083.300000 2084.600000 2087.200000 2090.300000 2093.800000 2094.900000 2094.900000 2097.900000 2100.600000 2103.400000 2106.600000 2109.600000 2109.300000 2106.100000 2102.900000 2100.800000 2098.100000 2095.300000 2091.600000 2086.400000 2082.900000 2077.900000 2075.300000
2129.800000 2127.700000 2125.700000 2123.500000 2124.500000 2135.300000 2121.700000 2121.500000 2123.900000 2126.800000 2130.200000 2133.300000 2144.400000 2146.300000 2141.100000 2134.900000 2125.100000 2118.900000 2112.500000 2104.600000 2098.400000 2092.100000 2087.900000 2086.000000 2083.400000 2079.700000 2078.000000 2076.600000 2076.300000 2074.400000 2075.100000 2075.700000 2077.300000 2079.100000 2080.800000 2084.700000 2087.400000 2088.900000 2093.000000 2094.900000 2098.000000 2101.800000 2107.000000 2111.100000 2108.700000 2105.300000 2102.500000 2100.300000 2096.500000 2092.600000 2089.800000 2087.100000 2082.000000 2077.900000
2122.500000 2120.100000 2118.300000 2116.100000 2116.300000 2114.200000 2114.100000 2114.300000 2116.200000 2120.800000 2123.600000 2126.000000 2137.500000 2140.500000 2130.000000 2123.900000 2118.900000 2111.700000 2106.300000 2100.500000 2092.600000 2086.100000 2081.000000 2077.800000 2076.300000 2073.200000 2071.200000 2069.600000 2068.600000 2066.900000 2066.400000 2067.300000 2069.500000 2072.200000 2073.300000 2077.900000 2080.200000 2081.900000 2086.800000 2088.900000 2093.300000 2098.400000 2105.800000 2111.300000 2112.800000 2108.200000 2104.800000 2101.400000 2098.800000 2095.000000 2091.600000 2088.300000 2084.500000 2077.600000
