data/2006/output_2006_000000016000_Morphology.asc
ncols		517
nrows		378
xllcorner	499547.500000
yllcorner	4174982.500000
cellsize	10.000000
NODATA_value	0.000000
[rows 168 to 191 of 378, columns 54 to 107 of 517]
3014.900000 3013.900000 3013.700000 3013.000000 3012.900000 3011.700000 3010.000000 3009.300000 3008.200000 3006.300000 3004.100000 3001.400000 2999.000000 2997.300000 2995.300000 2993.700000 2992.500000 2990.400000 2986.900000 2984.300000 2982.100000 2980.400000 2979.200000 2977.000000 2975.200000 2973.400000 2971.400000 2969.500000 2967.300000 2964.200000 2960.700000 2959.000000 2957.400000 2955.300000 2952.500000 2949.700000 2947.000000 2944.100000 2941.800000 2939.400000 2936.900000 2934.400000 2930.500000 2928.400000 2927.000000 2925.600000 2925.400000 2924.600000 2921.500000 2918.300000 2915.100000 2913.700000 2911.700000 2910.300000
3013.300000 3012.700000 3012.800000 3011.500000 3011.000000 3010.600000 3008.600000 3008.100000 3007.600000 3005.100000 3003.300000 3000.800000 2998.800000 2997.300000 2995.000000 2992.900000 2991.100000 2989.300000 2986.300000 2983.300000 2980.600000 2978.500000 2976.800000 2975.100000 2973.800000 2971.800000 2969.800000 2967.400000 2965.100000 2962.300000 2958.600000 2956.700000 2955.000000 2952.800000 2950.200000 2947.600000 2945.100000 2941.900000 2939.100000 2936.300000 2934.500000 2932.300000 2928.900000 2926.500000 2924.000000 2924.100000 2922.400000 2922.300000 2919.700000 2916.800000 2914.000000 2911.800000 2909.900000 2907.100000
3012.200000 3011.400000 3010.700000 3009.900000 3009.200000 3009.400000 3007.600000 3006.700000 3006.300000 3005.100000 3003.000000 3000.600000 2998.600000 2997.100000 2994.900000 2992.800000 2990.400000 2988.100000 2985.500000 2983.100000 2980.300000 2977.200000 2974.300000 2972.800000 2971.400000 2969.500000 2967.700000 2965.500000 2963.600000 2961.000000 2958.000000 2955.500000 2953.000000 2950.300000 2946.900000 2944.200000 2941.600000 2939.300000 2936.300000 2934.000000 2931.900000 2929.900000 2927.700000 2924.000000 2922.500000 2921.800000 2920.500000 2919.700000 2917.800000 2915.400000 2913.300000 2911.600000 2909.500000 2906.800000
3010.700000 3010.500000 3009.400000 3008.700000 3008.300000 3008.200000 3007.100000 3005.900000 3004.400000 3004.000000 3002.900000 3001.200000 2999.800000 2997.800000 2994.900000 2993.200000 2989.500000 2987.300000 2984.900000 2982.600000 2979.500000 2975.700000 2972.600000 2970.600000 2969.700000 2967.300000 2964.300000 2962.600000 2961.300000 2959.000000 2956.100000 2953.300000 2950.800000 2947.700000 2944.000000 2940.300000 2937.600000 2935.800000 2933.300000 2931.200000 2929.600000 2927.500000 2926.100000 2923.600000 2920.400000 2919.200000 2918.400000 2918.200000 2916.600000 2915.200000 2913.100000 2911.200000 2909.000000 2906.400000
3010.000000 3009.900000 3008.600000 3007.800000 3006.500000 3006.300000 3005.900000 3004.400000 3002.600000 3001.500000 3000.400000 2999.800000 2999.000000 2997.400000 2994.900000 2991.200000 2987.700000 2986.200000 2984.500000 2982.000000 2978.800000 2976.500000 2973.300000 2971.100000 2968.900000 2966.300000 2962.800000 2960.000000 2958.700000 2956.100000 2953.800000 2951.200000 2948.300000 2944.600000 2941.200000 2937.700000 2934.600000 2931.900000 2930.100000 2927.200000 2927.400000 2924.900000 2923.600000 2921.100000 2919.000000 2917.400000 2917.100000 2915.600000 2914.100000 2912.500000 2912.100000 2910.700000 2908.200000 2904.900000
3009.500000 3009.000000 3008.000000 3006.900000 3005.300000 3004.600000 3004.300000 3002.600000 3000.800000 2999.600000 2999.100000 2996.500000 2995.600000 2994.000000 2992.800000 2990.700000 2987.800000 2986.200000 2985.100000 2984.200000 2980.400000 2977.800000 2974.600000 2972.200000 2970.100000 2966.400000 2963.300000 2959.400000 2956.100000 2953.800000 2951.700000 2948.800000 2945.900000 2942.300000 2939.300000 2935.600000 2932.000000 2929.100000 2927.100000 2925.800000 2925.600000 2923.300000 2920.800000 2917.900000 2917.500000 2916.500000 2914.600000 2913.000000 2911.500000 2909.500000 2909.400000 2908.900000 2906.700000 2904.100000
3008.000000 3007.800000 3007.100000 3005.700000 3004.100000 3002.900000 3002.200000 3000.700000 2998.700000 2997.100000 2995.500000 2994.600000 2993.400000 2992.300000 2990.700000 2988.500000 2986.800000 2985.900000 2984.900000 2982.900000 2982.500000 2978.100000 2975.000000 2971.800000 2968.900000 2966.700000 2963.300000 2959.500000 2956.900000 2953.600000 2950.000000 2946.700000 2944.100000 2940.900000 2937.200000 2934.300000 2931.000000 2928.000000 2925.700000 2924.200000 2922.900000 2921.200000 2918.100000 2915.800000 2915.000000 2915.200000 2913.800000 2911.300000 2909.200000 2907.300000 2907.300000 2906.700000 2905.300000 2903.400000
3006.200000 3006.400000 3005.600000 3004.300000 3002.900000 3002.200000 3000.600000 2998.900000 2997.800000 2996.200000 2993.500000 2991.900000 2990.600000 2990.300000 2988.600000 2986.300000 2985.000000 2983.800000 2981.900000 2980.600000 2980.500000 2979.000000 2974.000000 2970.600000 2967.900000 2965.800000 2964.400000 2961.700000 2957.700000 2953.500000 2951.000000 2948.000000 2944.400000 2940.900000 2936.300000 2932.900000 2930.100000 2927.300000 2925.300000 2922.700000 2919.600000 2919.300000 2917.400000 2914.600000 2914.800000 2914.500000 2913.300000 2910.200000 2908.500000 2906.100000 2905.400000 2904.400000 2903.700000 2902.100000
3004.900000 3004.900000 3004.100000 3002.600000 3001.700000 3001.000000 3000.500000 2999.000000 2996.900000 2996.100000 2992.500000 2989.600000 2988.500000 2988.100000 2986.700000 2983.900000 2982.500000 2982.000000 2979.200000 2976.800000 2976.200000 2977.000000 2972.400000 2966.800000 2964.500000 2964.800000 2962.900000 2960.300000 2957.500000 2955.000000 2951.200000 2948.500000 2944.900000 2940.300000 2935.400000 2931.500000 2928.800000 2926.500000 2924.900000 2922.900000 2919.800000 2917.500000 2917.000000 2915.200000 2914.800000 2914.200000 2912.300000 2910.000000 2908.000000 2906.200000 2905.100000 2904.000000 2902.200000 2901.100000
3004.300000 3003.600000 3003.300000 3001.900000 3000.600000 2999.400000 2998.200000 2997.100000 2995.100000 2993.700000 2991.500000 2987.200000 2986.800000 2985.900000 2984.200000 2982.700000 2979.900000 2978.600000 2976.900000 2974.800000 2972.500000 2972.500000 2970.900000 2965.900000 2961.300000 2960.700000 2961.000000 2959.900000 2957.000000 2953.600000 2951.000000 2948.200000 2945.600000 2942.300000 2938.100000 2933.100000 2929.700000 2928.200000 2925.000000 2922.000000 2920.200000 2918.700000 2916.900000 2915.700000 2914.700000 2913.500000 2911.500000 2909.200000 2907.900000 2906.100000 2904.500000 2902.500000 2901.600000 2899.700000
3002.700000 3002.900000 3002.000000 3000.300000 2999.400000 2998.100000 2996.400000 2994.700000 2993.500000 2990.500000 2989.300000 2987.000000 2985.000000 2983.500000 2981.200000 2979.700000 2977.800000 2976.400000 2975.200000 2973.300000 2970.100000 2968.300000 2967.300000 2964.400000 2960.300000 2958.700000 2957.000000 2956.800000 2954.300000 2951.100000 2949.000000 2946.600000 2943.800000 2940.500000 2937.100000 2934.100000 2930.800000 2927.300000 2924.900000 2921.700000 2919.200000 2918.200000 2916.200000 2914.800000 2913.200000 2912.300000 2910.400000 2908.900000 2907.700000 2906.000000 2904.300000 2902.600000 2901.000000 2899.800000
3001.100000 3001.500000 3000.800000 2999.200000 2997.900000 2996.000000 2995.000000 2993.000000 2991.300000 2990.000000 2987.200000 2985.100000 2984.300000 2981.700000 2979.700000 2977.400000 2976.000000 2974.600000 2973.100000 2971.700000 2968.700000 2965.100000 2962.500000 2961.900000 2960.100000 2957.700000 2955.400000 2952.300000 2950.300000 2949.300000 2947.300000 2944.200000 2940.800000 2937.800000 2935.500000 2933.700000 2930.800000 2927.100000 2923.800000 2921.100000 2918.400000 2917.200000 2914.900000 2913.400000 2911.800000 2910.300000 2909.400000 2908.600000 2907.000000 2905.200000 2902.800000 2902.000000 2901.000000 2899.600000
2998.800000 2999.600000 2998.500000 2997.100000 2995.700000 2994.200000 2992.900000 2992.100000 2990.500000 2988.300000 2986.100000 2983.100000 2982.200000 2980.300000 2977.600000 2975.100000 2974.100000 2972.100000 2970.500000 2967.700000 2966.200000 2964.000000 2960.600000 2958.500000 2956.900000 2955.600000 2954.300000 2952.000000 2948.200000 2946.300000 2945.000000 2942.700000 2939.200000 2936.100000 2933.200000 2931.700000 2929.900000 2926.200000 2923.400000 2921.000000 2919.300000 2917.300000 2915.800000 2913.800000 2911.200000 2909.400000 2907.900000 2907.400000 2906.400000 2905.100000 2902.700000 2901.900000 2901.300000 2899.100000
2997.000000 2996.700000 2996.100000 2994.800000 2993.500000 2992.000000 2990.700000 2990.800000 2989.900000 2988.200000 2985.500000 2981.200000 2979.400000 2977.800000 2975.400000 2974.000000 2972.200000 2971.000000 2968.600000 2966.300000 2963.500000 2962.900000 2960.000000 2957.000000 2954.700000 2953.800000 2953.000000 2950.700000 2949.000000 2944.400000 2942.500000 2940.300000 2937.600000 2934.700000 2931.800000 2929.800000 2928.000000 2926.700000 2924.400000 2922.500000 2919.300000 2918.100000 2916.800000 2915.300000 2912.500000 2909.000000 2908.000000 2906.600000 2905.600000 2904.600000 2903.400000 2902.200000 2900.100000 2897.500000
2995.600000 2995.000000 2994.000000 2992.800000 2991.700000 2989.800000 2988.700000 2988.500000 2988.000000 2986.900000 2985.400000 2983.600000 2981.200000 2978.500000 2974.700000 2972.000000 2970.000000 2968.500000 2967.100000 2964.600000 2961.900000 2960.600000 2959.400000 2956.800000 2953.700000 2951.100000 2949.700000 2948.600000 2947.800000 2945.700000 2942.100000 2938.500000 2935.900000 2933.800000 2931.300000 2929.200000 2927.200000 2925.100000 2924.000000 2922.900000 2920.000000 2917.800000 2915.400000 2913.400000 2910.700000 2908.700000 2908.100000 2907.400000 2904.900000 2903.900000 2902.100000 2901.000000 2898.800000 2896.400000
2994.300000 2993.100000 2992.400000 2991.200000 2989.800000 2989.600000 2987.800000 2986.300000 2985.500000 2984.500000 2983.700000 2982.700000 2980.700000 2979.200000 2976.900000 2972.200000 2968.700000 2966.000000 2964.900000 2962.800000 2961.100000 2959.100000 2957.300000 2954.800000 2951.800000 2948.300000 2945.800000 2944.700000 2943.500000 2944.600000 2941.300000 2937.900000 2934.300000 2931.300000 2929.300000 2928.000000 2926.900000 2925.500000 2923.900000 2922.600000 2921.400000 2919.200000 2917.400000 2915.000000 2911.800000 2907.800000 2906.700000 2906.600000 2905.900000 2904.200000 2902.500000 2900.200000 2897.600000 2895.600000
2992.900000 2993.400000 2991.800000 2990.400000 2989.100000 2987.800000 2986.300000 2985.000000 2983.900000 2983.100000 2981.500000 2981.500000 2980.300000 2978.500000 2975.800000 2974.000000 2970.200000 2965.700000 2963.600000 2960.900000 2959.000000 2957.000000 2955.600000 2953.700000 2951.400000 2948.300000 2944.400000 2941.300000 2939.200000 2939.500000 2938.800000 2937.000000 2934.200000 2929.700000 2927.200000 2926.300000 2926.300000 2925.300000 2923.900000 2922.700000 2922.300000 2920.300000 2917.800000 2914.400000 2911.300000 2908.300000 2906.200000 2904.900000 2904.800000 2903.600000 2902.000000 2899.900000 2897.700000 2895.900000
2990.200000 2991.000000 2990.600000 2989.300000 2987.300000 2985.900000 2984.700000 2983.000000 2982.500000 2981.700000 2980.100000 2978.700000 2977.000000 2976.100000 2975.400000 2973.200000 2971.700000 2969.000000 2966.200000 2963.800000 2960.300000 2956.700000 2954.100000 2952.400000 2950.800000 2948.200000 2944.400000 2941.000000 2938.100000 2936.500000 2934.900000 2934.800000 2933.800000 2931.400000 2927.800000 2924.000000 2922.800000 2923.200000 2922.800000 2923.300000 2922.300000 2919.800000 2916.200000 2913.100000 2910.000000 2908.100000 2906.300000 2904.800000 2902.800000 2902.400000 2901.500000 2899.700000 2898.100000 2895.900000
2987.500000 2987.700000 2986.800000 2987.400000 2985.700000 2983.300000 2983.200000 2981.800000 2979.800000 2979.300000 2978.000000 2976.700000 2974.400000 2973.200000 2971.600000 2972.300000 2970.900000 2969.100000 2965.600000 2963.600000 2962.100000 2958.600000 2954.000000 2950.700000 2948.600000 2945.900000 2941.700000 2939.900000 2936.700000 2934.400000 2933.400000 2931.300000 2931.400000 2930.400000 2927.800000 2925.600000 2922.100000 2920.300000 2919.700000 2920.800000 2920.400000 2918.200000 2915.800000 2912.800000 2910.000000 2907.700000 2906.000000 2904.000000 2902.300000 2900.800000 2900.300000 2899.100000 2898.200000 2896.200000
2985.600000 2985.000000 2985.300000 2984.700000 2983.800000 2982.500000 2981.200000 2980.700000 2978.000000 2977.700000 2975.800000 2974.300000 2973.100000 2971.300000 2969.900000 2968.700000 2969.700000 2967.400000 2963.400000 2959.500000 2959.900000 2958.700000 2955.200000 2950.500000 2946.900000 2944.700000 2940.700000 2937.300000 2935.700000 2933.200000 2932.100000 2930.100000 2927.800000 2928.000000 2924.800000 2923.100000 2922.000000 2919.500000 2917.900000 2917.900000 2918.300000 2916.200000 2914.600000 2912.500000 2909.600000 2906.100000 2904.600000 2903.100000 2901.500000 2899.700000 2898.600000 2897.700000 2896.200000 2894.500000
2982.700000 2983.000000 2982.900000 2981.800000 2981.800000 2981.000000 2979.000000 2978.500000 2977.000000 2975.900000 2974.700000 2973.600000 2970.700000 2969.500000 2968.400000 2967.100000 2965.700000 2966.100000 2963.000000 2960.100000 2957.200000 2956.000000 2953.600000 2950.500000 2947.100000 2943.900000 2940.700000 2938.300000 2935.300000 2932.900000 2931.100000 2928.700000 2924.800000 2925.100000 2923.000000 2921.500000 2920.500000 2919.500000 2917.000000 2916.000000 2915.900000 2914.800000 2914.000000 2912.500000 2908.700000 2905.300000 2902.600000 2902.100000 2900.200000 2899.000000 2897.500000 2896.500000 2895.000000 2892.300000
2980.500000 2980.500000 2980.400000 2978.800000 2979.400000 2979.400000 2977.400000 2976.800000 2975.100000 2973.200000 2972.400000 2972.300000 2971.100000 2968.400000 2967.800000 2966.400000 2963.400000 2961.700000 2959.400000 2958.400000 2956.900000 2953.900000 2950.400000 2947.800000 2945.800000 2943.300000 2941.100000 2938.600000 2934.900000 2931.600000 2929.300000 2927.000000 2924.300000 2923.200000 2922.500000 2921.000000 2918.100000 2918.900000 2917.400000 2915.300000 2914.400000 2913.900000 2913.400000 2912.100000 2908.100000 2904.300000 2901.600000 2900.500000 2899.900000 2897.100000 2896.000000 2894.000000 2893.700000 2892.500000
2979.700000 2978.000000 2977.600000 2977.000000 2976.800000 2977.600000 2976.000000 2975.500000 2973.900000 2971.300000 2970.200000 2971.400000 2971.200000 2968.800000 2966.100000 2965.000000 2963.000000 2961.600000 2958.500000 2955.600000 2953.100000 2951.800000 2949.600000 2948.300000 2946.200000 2943.800000 2941.000000 2938.800000 2936.000000 2930.700000 2927.700000 2925.500000 2923.200000 2920.800000 2919.200000 2918.500000 2916.900000 2916.600000 2916.700000 2915.200000 2913.400000 2912.300000 2912.300000 2911.000000 2907.800000 2903.700000 2899.300000 2899.700000 2898.700000 2897.500000 2895.300000 2893.300000 2891.900000 2891.600000
2978.500000 2977.000000 2975.500000 2975.200000 2975.200000 2974.300000 2975.100000 2973.100000 2972.400000 2970.500000 2969.200000 2969.300000 2969.000000 2967.100000 2965.100000 2962.400000 2960.800000 2959.600000 2958.100000 2954.900000 2952.500000 2950.000000 2948.200000 2947.300000 2944.600000 2941.200000 2938.100000 2936.600000 2934.200000 2930.500000 2927.200000 2923.500000 2921.300000 2919.300000 2918.000000 2915.900000 2914.400000 2913.800000 2915.000000 2913.600000 2912.200000 2910.500000 2909.600000 2909.000000 2906.400000 2902.600000 2898.000000 2898.100000 2898.300000 2897.400000 2895.800000 2893.100000 2891.100000 2890.200000
