data/2006/output_2006_000000016000_Morphology.asc
ncols		517
nrows		378
xllcorner	499547.500000
yllcorner	4174982.500000
cellsize	10.000000
NODATA_value	0.000000
[rows 144 to 167 of 378, columns 270 to 323 of 517]
2207.700000 2204.200000 2199.400000 2193.500000 2187.800000 2182.900000 2178.000000 2171.600000 2164.900000 2159.600000 2155.100000 2150.700000 2146.800000 2143.400000 2140.300000 2136.700000 2133.500000 2130.400000 2126.600000 2124.500000 2120.100000 2116.500000 2111.900000 2107.700000 2101.200000 2096.300000 2092.700000 2090.200000 2089.700000 2088.300000 2082.300000 2078.200000 2074.600000 2072.300000 2070.500000 2063.500000 2056.000000 2050.100000 2045.500000 2041.700000 2038.000000 2032.700000 2028.100000 2024.400000 2020.900000 2018.400000 2016.300000 2013.200000 2009.700000 2006.900000 2004.100000 2001.000000 1998.100000 1995.400000
2203.300000 2199.300000 2195.400000 2190.400000 2185.300000 2180.100000 2175.800000 2170.600000 2164.100000 2157.600000 2151.800000 2147.200000 2143.200000 2139.100000 2136.300000 2133.300000 2129.800000 2125.500000 2122.300000 2119.800000 2116.800000 2112.000000 2107.400000 2104.100000 2099.500000 2094.400000 2089.900000 2085.700000 2083.000000 2083.200000 2080.300000 2074.500000 2070.600000 2067.400000 2065.600000 2063.300000 2055.200000 2048.200000 2042.600000 2038.400000 2034.100000 2029.600000 2025.000000 2021.100000 2017.500000 2014.500000 2012.400000 2010.900000 2008.600000 2005.900000 2002.600000 2000.000000 1997.700000 1995.500000
2199.900000 2195.900000 2191.700000 2187.500000 2184.100000 2178.700000 2173.600000 2168.000000 2161.300000 2155.800000 2150.200000 2144.900000 2140.100000 2135.800000 2133.300000 2129.300000 2125.300000 2121.700000 2118.400000 2114.000000 2110.900000 2107.700000 2104.600000 2100.500000 2096.800000 2091.800000 2087.200000 2082.000000 2078.600000 2076.000000 2076.200000 2072.400000 2066.800000 2063.200000 2060.400000 2058.500000 2054.200000 2046.700000 2040.500000 2035.400000 2031.500000 2027.000000 2022.700000 2018.600000 2014.600000 2011.100000 2008.100000 2006.600000 2005.600000 2005.000000 2002.100000 2000.100000 1997.900000 1997.600000
2197.500000 2193.000000 2188.600000 2184.800000 2180.600000 2177.200000 2173.000000 2166.200000 2160.300000 2154.000000 2149.200000 2145.500000 2139.300000 2132.600000 2128.700000 2125.400000 2120.100000 2116.400000 2113.900000 2110.600000 2105.500000 2102.600000 2099.900000 2096.200000 2092.200000 2088.200000 2084.800000 2079.700000 2075.000000 2071.500000 2069.600000 2068.900000 2064.900000 2059.400000 2056.400000 2053.500000 2051.700000 2046.500000 2039.300000 2033.500000 2028.600000 2024.300000 2020.100000 2016.000000 2011.800000 2008.100000 2004.900000 2002.000000 2000.700000 2000.000000 1999.100000 1998.800000 1999.100000 1999.200000
2193.300000 2188.300000 2185.200000 2181.800000 2177.700000 2173.700000 2170.100000 2164.600000 2160.000000 2153.300000 2146.500000 2142.200000 2137.200000 2130.500000 2124.600000 2120.800000 2116.900000 2111.900000 2109.000000 2107.200000 2102.300000 2098.300000 2096.000000 2092.500000 2088.900000 2084.200000 2081.300000 2078.700000 2072.600000 2067.900000 2064.300000 2062.800000 2061.900000 2057.000000 2052.600000 2049.500000 2046.700000 2044.300000 2039.200000 2032.800000 2026.600000 2021.500000 2017.100000 2013.100000 2009.200000 2005.300000 2001.700000 1998.600000 1996.100000 1994.600000 1993.800000 1993.300000 1993.400000 1993.700000
2188.800000 2184.400000 2180.100000 2177.500000 2173.900000 2169.900000 2166.700000 2162.000000 2156.700000 2152.800000 2147.100000 2140.900000 2134.300000 2128.900000 2122.700000 2117.700000 2113.300000 2109.800000 2106.700000 2103.300000 2101.100000 2096.100000 2092.900000 2089.600000 2085.300000 2081.900000 2077.700000 2074.700000 2072.000000 2065.300000 2060.800000 2057.300000 2053.700000 2053.100000 2049.000000 2045.800000 2042.800000 2039.900000 2036.800000 2031.800000 2026.200000 2020.700000 2014.700000 2010.400000 2006.500000 2002.400000 1998.700000 1995.400000 1992.400000 1990.000000 1988.700000 1987.900000 1987.700000 1988.000000
2183.500000 2179.000000 2176.800000 2172.700000 2169.500000 2165.900000 2162.100000 2159.500000 2154.500000 2149.000000 2146.800000 2141.800000 2135.200000 2128.900000 2123.000000 2118.100000 2114.900000 2109.700000 2106.100000 2102.800000 2099.800000 2095.900000 2092.700000 2089.300000 2084.900000 2079.500000 2075.200000 2072.600000 2068.900000 2065.700000 2058.800000 2054.600000 2050.200000 2046.700000 2045.800000 2041.800000 2039.000000 2036.200000 2033.100000 2029.600000 2024.100000 2019.400000 2013.700000 2008.200000 2003.800000 1999.800000 1996.000000 1992.400000 1989.200000 1986.300000 1983.900000 1982.900000 1982.300000 1982.400000
2179.800000 2175.500000 2170.900000 2169.100000 2164.700000 2161.000000 2158.900000 2156.000000 2152.000000 2146.400000 2143.400000 2142.000000 2135.100000 2129.500000 2124.300000 2119.800000 2113.900000 2109.900000 2107.000000 2102.800000 2098.800000 2095.300000 2091.700000 2088.600000 2083.800000 2078.100000 2073.900000 2068.400000 2065.500000 2063.200000 2057.400000 2051.800000 2047.100000 2043.100000 2039.700000 2038.700000 2035.100000 2032.300000 2029.600000 2026.500000 2023.300000 2016.600000 2011.100000 2005.400000 2001.300000 1997.200000 1993.500000 1989.800000 1986.600000 1983.200000 1980.400000 1978.300000 1977.300000 1977.100000
2176.300000 2171.700000 2168.100000 2164.000000 2160.800000 2156.200000 2154.200000 2151.300000 2148.600000 2144.200000 2141.100000 2137.900000 2135.800000 2128.700000 2123.900000 2119.400000 2113.700000 2109.400000 2106.400000 2103.400000 2099.400000 2095.200000 2089.400000 2085.600000 2082.100000 2077.200000 2072.500000 2067.200000 2062.600000 2060.000000 2056.000000 2050.500000 2045.200000 2040.800000 2036.200000 2033.200000 2030.800000 2028.300000 2025.900000 2023.300000 2020.500000 2014.600000 2007.700000 2002.400000 1997.900000 1994.500000 1990.800000 1987.400000 1983.700000 1980.400000 1977.200000 1974.700000 1972.500000 1971.900000
2172.600000 2167.700000 2164.700000 2160.700000 2157.600000 2154.400000 2150.700000 2148.900000 2145.500000 2141.100000 2137.700000 2134.800000 2132.900000 2129.200000 2122.900000 2117.700000 2113.600000 2109.100000 2104.500000 2101.400000 2096.600000 2092.400000 2089.000000 2083.700000 2079.200000 2074.400000 2070.600000 2065.900000 2061.800000 2058.000000 2054.300000 2049.900000 2044.500000 2039.200000 2034.300000 2030.400000 2027.000000 2024.000000 2021.900000 2019.700000 2016.900000 2012.900000 2005.900000 1999.900000 1995.700000 1991.700000 1988.200000 1984.800000 1981.600000 1977.700000 1974.400000 1971.400000 1969.000000 1967.200000
2169.900000 2166.500000 2162.500000 2157.600000 2154.000000 2151.800000 2148.300000 2145.700000 2143.000000 2139.100000 2134.900000 2131.000000 2128.400000 2126.700000 2121.600000 2117.100000 2111.300000 2107.200000 2102.200000 2097.500000 2094.300000 2089.700000 2085.900000 2081.100000 2077.600000 2072.700000 2068.800000 2065.100000 2060.300000 2057.100000 2054.100000 2049.000000 2043.900000 2039.700000 2034.700000 2029.000000 2024.500000 2020.300000 2017.900000 2015.800000 2013.400000 2010.200000 2004.600000 1998.300000 1993.500000 1989.400000 1985.600000 1982.100000 1978.600000 1975.200000 1971.900000 1968.500000 1965.900000 1963.300000
2167.700000 2163.000000 2159.800000 2156.200000 2151.000000 2147.800000 2145.600000 2142.900000 2140.400000 2137.000000 2132.800000 2129.200000 2125.000000 2120.800000 2118.400000 2115.100000 2110.100000 2104.000000 2099.800000 2095.000000 2091.500000 2087.800000 2084.500000 2080.400000 2076.100000 2071.000000 2066.700000 2063.100000 2059.700000 2055.800000 2052.700000 2047.200000 2042.000000 2037.500000 2033.500000 2027.700000 2023.200000 2018.400000 2015.300000 2012.000000 2009.600000 2007.700000 2003.800000 1996.600000 1991.400000 1987.200000 1983.400000 1979.600000 1976.200000 1972.700000 1969.200000 1965.900000 1963.200000 1960.500000
2167.200000 2161.700000 2156.600000 2152.700000 2148.400000 2144.200000 2141.300000 2139.800000 2136.300000 2133.500000 2129.800000 2126.100000 2123.100000 2118.200000 2113.700000 2110.800000 2107.500000 2100.400000 2096.600000 2093.500000 2090.400000 2087.600000 2084.100000 2079.200000 2075.200000 2069.100000 2064.800000 2060.700000 2058.300000 2055.100000 2050.900000 2046.900000 2040.600000 2035.400000 2031.300000 2026.800000 2021.300000 2016.800000 2012.500000 2009.200000 2006.100000 2003.700000 2001.400000 1995.200000 1989.300000 1985.200000 1981.200000 1977.500000 1973.800000 1970.300000 1967.000000 1963.600000 1960.800000 1957.800000
2164.500000 2160.400000 2155.800000 2150.600000 2145.200000 2140.700000 2136.200000 2133.100000 2131.800000 2128.800000 2125.200000 2121.600000 2118.400000 2114.200000 2110.500000 2107.200000 2104.100000 2100.200000 2094.000000 2090.800000 2087.900000 2085.500000 2082.100000 2078.500000 2074.400000 2069.200000 2063.800000 2059.800000 2056.600000 2052.100000 2047.600000 2043.200000 2039.100000 2034.100000 2028.700000 2023.700000 2019.000000 2015.100000 2012.200000 2007.700000 2003.800000 2000.200000 1998.000000 1992.800000 1987.400000 1983.000000 1979.000000 1975.400000 1971.800000 1968.200000 1964.800000 1961.500000 1958.100000 1955.000000
2161.100000 2158.000000 2153.700000 2149.100000 2143.900000 2138.600000 2133.500000 2129.200000 2126.300000 2124.400000 2120.600000 2116.600000 2113.700000 2110.500000 2107.400000 2103.700000 2100.000000 2096.800000 2093.700000 2088.200000 2083.600000 2080.900000 2078.700000 2076.100000 2072.000000 2068.000000 2062.000000 2057.600000 2054.000000 2050.700000 2046.400000 2041.500000 2036.700000 2031.500000 2026.500000 2022.000000 2018.000000 2012.600000 2009.600000 2005.400000 2001.500000 1998.600000 1994.000000 1989.800000 1984.900000 1980.500000 1976.900000 1973.200000 1969.800000 1966.300000 1962.800000 1959.400000 1956.200000 1952.800000
2158.000000 2154.900000 2151.700000 2147.700000 2143.000000 2138.100000 2132.200000 2127.000000 2123.000000 2120.200000 2117.100000 2115.400000 2112.800000 2109.400000 2105.700000 2102.500000 2098.000000 2094.100000 2090.500000 2087.600000 2083.200000 2078.400000 2074.500000 2071.200000 2069.400000 2064.200000 2057.600000 2054.200000 2051.500000 2048.500000 2045.000000 2040.700000 2036.500000 2030.300000 2025.200000 2020.900000 2016.900000 2012.200000 2006.500000 2003.200000 1998.900000 1996.200000 1993.000000 1987.200000 1982.900000 1978.700000 1974.500000 1971.000000 1967.700000 1964.400000 1960.900000 1957.500000 1954.200000 1950.800000
2154.200000 2151.500000 2149.200000 2145.700000 2141.700000 2136.000000 2131.000000 2125.300000 2120.300000 2116.500000 2113.800000 2111.500000 2108.800000 2106.900000 2103.900000 2100.500000 2096.300000 2091.500000 2087.300000 2084.800000 2081.800000 2077.900000 2072.700000 2068.500000 2065.400000 2062.300000 2057.200000 2051.400000 2049.000000 2046.300000 2042.900000 2039.800000 2036.200000 2031.000000 2025.000000 2019.000000 2013.600000 2010.400000 2005.400000 2000.100000 1996.000000 1992.800000 1990.000000 1986.700000 1982.600000 1976.200000 1972.100000 1968.700000 1965.400000 1962.200000 1958.900000 1955.800000 1952.300000 1949.100000
2151.700000 2148.300000 2144.400000 2142.600000 2139.500000 2135.500000 2129.700000 2124.300000 2119.600000 2113.900000 2110.200000 2106.600000 2103.700000 2100.700000 2098.000000 2096.500000 2093.600000 2089.800000 2085.600000 2082.500000 2078.600000 2075.200000 2072.400000 2068.100000 2063.600000 2058.100000 2054.100000 2051.000000 2047.000000 2043.100000 2041.400000 2037.000000 2032.900000 2028.600000 2023.100000 2017.400000 2011.400000 2006.900000 2003.700000 1998.800000 1993.400000 1989.900000 1986.900000 1984.700000 1980.400000 1976.600000 1971.400000 1966.500000 1963.200000 1960.000000 1956.900000 1953.700000 1950.600000 1947.300000
2150.200000 2145.800000 2142.400000 2138.900000 2135.300000 2132.700000 2129.400000 2123.000000 2116.700000 2112.800000 2107.300000 2102.700000 2099.200000 2096.600000 2092.700000 2089.700000 2087.600000 2086.700000 2084.100000 2080.600000 2076.900000 2073.100000 2070.000000 2066.800000 2062.400000 2056.900000 2050.900000 2046.600000 2044.300000 2041.000000 2037.600000 2033.600000 2029.200000 2025.100000 2020.800000 2014.800000 2010.200000 2004.100000 2000.400000 1997.300000 1992.300000 1987.600000 1984.500000 1981.600000 1978.900000 1974.600000 1970.000000 1966.100000 1962.000000 1958.400000 1954.700000 1951.300000 1948.200000 1945.100000
2147.600000 2143.000000 2139.100000 2135.300000 2131.800000 2128.900000 2126.400000 2122.300000 2115.000000 2109.800000 2105.700000 2101.100000 2095.700000 2092.700000 2089.300000 2086.600000 2083.100000 2080.700000 2079.800000 2077.000000 2073.700000 2069.700000 2066.700000 2063.700000 2060.100000 2055.700000 2049.400000 2043.300000 2038.700000 2036.300000 2033.300000 2029.300000 2026.000000 2022.300000 2017.700000 2012.900000 2008.400000 2002.100000 1996.700000 1992.900000 1989.500000 1985.800000 1981.600000 1978.500000 1975.900000 1972.000000 1969.300000 1964.600000 1961.200000 1956.900000 1953.000000 1949.700000 1946.300000 1942.700000
2147.100000 2141.600000 2137.800000 2133.100000 2129.100000 2125.200000 2122.200000 2119.500000 2114.800000 2109.100000 2103.000000 2098.800000 2094.000000 2089.200000 2086.700000 2083.400000 2080.000000 2077.200000 2073.600000 2070.600000 2069.900000 2067.200000 2064.100000 2060.700000 2057.100000 2053.100000 2048.800000 2043.300000 2037.700000 2032.400000 2028.200000 2025.400000 2021.700000 2018.000000 2015.300000 2011.500000 2007.500000 2002.000000 1995.300000 1989.000000 1985.800000 1982.500000 1979.700000 1976.500000 1974.700000 1969.900000 1966.300000 1963.600000 1960.400000 1957.100000 1952.800000 1948.600000 1945.400000 1942.300000
2147.900000 2141.300000 2136.100000 2131.800000 2126.200000 2122.500000 2118.400000 2116.400000 2113.300000 2109.400000 2104.000000 2098.800000 2091.900000 2086.400000 2082.300000 2080.200000 2078.200000 2074.800000 2071.300000 2068.000000 2065.000000 2063.000000 2061.200000 2058.100000 2054.600000 2051.100000 2047.100000 2042.800000 2037.900000 2032.300000 2027.800000 2024.200000 2019.500000 2015.100000 2011.300000 2008.900000 2005.400000 1999.600000 1993.400000 1988.300000 1983.000000 1979.900000 1976.800000 1973.700000 1971.600000 1968.700000 1965.800000 1961.900000 1959.000000 1955.500000 1952.700000 1948.800000 1945.500000 1942.100000
2146.400000 2140.600000 2134.700000 2128.900000 2123.300000 2120.300000 2116.400000 2113.300000 2111.000000 2107.600000 2103.400000 2099.100000 2093.000000 2086.800000 2081.700000 2077.500000 2073.700000 2072.500000 2069.400000 2066.800000 2063.700000 2060.200000 2057.000000 2055.600000 2052.500000 2049.700000 2045.800000 2041.800000 2037.400000 2032.200000 2028.000000 2024.100000 2019.800000 2014.700000 2010.600000 2006.100000 2002.000000 1997.600000 1992.100000 1987.000000 1983.400000 1979.200000 1975.800000 1972.300000 1969.100000 1965.900000 1963.400000 1961.900000 1959.800000 1955.400000 1950.700000 1947.400000 1944.100000 1940.700000
2145.300000 2139.500000 2133.300000 2127.600000 2122.000000 2117.100000 2113.200000 2109.800000 2106.500000 2104.200000 2101.800000 2097.700000 2093.700000 2090.100000 2084.200000 2077.800000 2071.700000 2068.300000 2064.200000 2063.000000 2061.800000 2059.200000 2056.300000 2051.900000 2050.300000 2047.200000 2043.900000 2040.100000 2036.300000 2031.900000 2027.800000 2023.600000 2019.400000 2015.100000 2010.700000 2005.100000 2000.100000 1995.700000 1990.400000 1987.000000 1983.300000 1978.300000 1974.200000 1971.200000 1968.000000 1965.700000 1962.000000 1959.400000 1957.500000 1954.200000 1950.400000 1945.700000 1942.700000 1939.200000
