data/2006/output_2006_000000016000_SolidifiedLavaThickness.asc
ncols		517
nrows		378
xllcorner	499547.500000
yllcorner	4174982.500000
cellsize	10.000000
NODATA_value	0.000000
[rows 168 to 195 of 378, columns 315 to 377 of 517]
0.000000 0.000000 0.000000 0.000000 0.000000 0.000000 0.000000 0.000000 0.000000 0.000000 0.000000 0.000000 0.000000 0.000000 0.000000 0.000000 0.000000 0.000000 0.000000 0.000000 5.060133 6.550083 4.705568 4.899562 9.942065 5.239479 5.452767 5.580682 5.534848 5.568245 5.772928 5.912589 6.363096 7.158308 7.413038 7.305838 6.710026 10.072163 9.850299 8.401705 8.301995 8.164684 7.644426 2.261090 2.246597 0.000000 0.000000 0.000000 0.000000 0.000000 0.000000 0.000000 0.000000 0.000000 0.000000 0.000000 0.000000 0.000000 0.000000 0.000000 0.000000 0.000000 0.000000
0.000000 0.000000 0.000000 0.000000 1.628084 3.616958 5.069099 4.443785 4.916212 4.985628 2.538804 4.690474 0.000000 0.000000 0.000000 0.000000 0.000000 0.000000 0.000000 6.063093 7.288892 4.767770 8.650087 5.008777 4.665744 5.153106 5.394770 5.536000 5.464080 5.458654 5.497886 5.756817 5.892569 6.687710 6.794817 6.900201 7.057216 9.861533 9.028601 9.040734 9.382155 7.995326 8.039401 6.263493 3.966414 0.000000 0.000000 0.000000 0.000000 0.000000 0.000000 0.000000 0.000000 0.000000 0.000000 0.000000 0.000000 0.000000 0.000000 0.000000 0.000000 0.000000 0.000000
0.000000 0.000000 2.111428 3.945005 6.001102 6.533216 5.899489 5.850656 6.233033 6.013021 6.399545 5.640264 5.798913 6.116592 6.807655 7.280323 7.518658 7.731401 8.175925 8.700487 3.975533 8.166730 3.608355 4.491389 4.656807 5.092860 5.307083 5.427372 5.540116 5.480651 5.477796 5.558891 5.814711 6.128036 6.309013 6.762339 6.977034 10.001452 9.064589 7.239501 8.385853 8.439401 8.177027 8.122471 5.609932 0.000000 0.000000 0.000000 0.000000 0.000000 0.000000 0.000000 0.000000 0.000000 0.000000 0.000000 0.000000 0.000000 0.000000 0.000000 0.000000 0.000000 0.000000
4.970015 4.961030 5.776122 4.222571 3.546655 3.323074 3.439651 4.148145 3.264332 3.486720 3.254069 3.166727 2.788281 2.803369 2.925865 3.341989 3.305726 3.259511 4.237708 3.607799 3.903982 3.979448 3.797271 4.392580 4.827270 5.163695 5.320611 5.446356 5.485001 5.444550 5.462804 5.470971 5.497499 5.747252 6.165036 6.344134 7.336213 5.862295 6.956659 7.339501 7.011750 8.728403 8.922471 8.239628 5.680380 0.000000 0.000000 0.000000 0.000000 0.000000 0.000000 0.000000 0.000000 0.000000 0.000000 0.000000 0.000000 0.000000 0.000000 0.000000 0.000000 0.000000 0.000000
2.987579 3.449127 1.943617 2.987448 3.739387 2.581557 2.719507 3.807138 3.047751 3.357198 2.920689 2.935186 2.945192 2.880883 3.610194 3.627791 3.959153 4.244400 4.009002 3.593781 3.336950 3.159243 3.358678 4.055509 3.716534 5.075598 5.362446 5.349572 5.442804 5.460739 5.428791 5.473675 5.532302 5.587656 5.922313 6.487685 6.312628 6.956766 11.044488 10.447220 7.410212 9.028403 7.224627 7.335074 7.542965 2.199745 1.884541 1.938882 0.000000 0.000000 0.000000 0.000000 0.000000 0.000000 0.000000 0.000000 0.000000 0.000000 0.000000 0.000000 0.000000 0.000000 0.000000
3.015541 3.737823 1.946176 2.165977 2.826745 2.308465 2.530897 2.978090 2.480410 3.203513 3.585923 3.093097 2.186407 2.301133 3.093891 3.177153 3.763606 4.070464 4.043426 4.013272 3.974248 3.648399 3.500250 4.009926 4.249155 5.022856 5.206982 5.369837 5.460588 5.419753 5.419888 5.401083 5.396678 5.516396 5.740979 6.123791 6.380666 10.678579 6.906899 10.767669 10.217309 7.178141 8.440707 7.608946 7.855097 7.427933 7.724474 6.630583 1.168395 0.000000 0.000000 0.000000 0.000000 0.000000 0.000000 0.000000 0.000000 0.000000 0.000000 0.000000 0.000000 0.000000 0.000000
3.693815 3.524341 2.724296 1.991828 3.186851 3.800090 3.656094 3.334936 2.658946 6.502028 6.618851 4.331573 3.036802 4.427934 3.058613 3.262372 3.636341 3.752608 3.648769 3.132269 3.164056 3.669707 4.158743 4.795110 4.877896 4.856944 5.188454 5.341782 5.445445 5.477689 5.420366 5.369747 5.390020 5.389338 5.594636 5.872189 6.045012 6.739314 6.643486 6.752568 10.034619 8.688414 8.033210 7.833210 7.861406 7.852197 7.575798 5.854257 2.466667 0.000000 0.000000 0.000000 0.000000 0.000000 0.000000 0.000000 0.000000 0.000000 0.000000 0.000000 0.000000 0.000000 0.000000
3.322601 3.392454 3.303681 2.774453 3.166956 4.128111 2.460016 1.943330 1.465558 3.345663 3.737594 3.814221 3.276358 3.854497 3.660833 3.198140 3.990244 3.401639 3.289888 2.808009 2.972159 3.134038 3.856315 4.510003 4.367235 4.996161 5.177003 5.345765 5.440553 5.405162 5.451732 5.395281 5.429714 5.452858 5.534199 6.158646 6.558646 6.112912 6.128517 6.613194 6.591513 8.446950 9.345328 8.775850 8.249497 7.781486 7.653763 7.336647 2.703767 0.000000 0.000000 0.000000 0.000000 0.000000 0.000000 0.000000 0.000000 0.000000 0.000000 0.000000 0.000000 0.000000 0.000000
3.276368 2.435938 2.723805 3.500247 2.463506 3.922483 5.970446 5.716139 3.106868 2.720358 2.672381 2.676184 2.226296 2.952102 3.238214 3.576904 3.454786 3.348885 3.271067 3.266154 3.372539 3.877912 4.313483 4.672606 4.677513 4.973890 5.247877 5.398262 5.406451 5.360121 5.431217 5.348460 5.372877 5.472877 5.522250 5.711233 5.499720 5.799955 5.840821 6.112361 6.642222 9.466231 7.063476 9.353612 7.669612 5.970208 7.198837 3.756060 0.000000 0.000000 0.000000 0.000000 0.000000 0.000000 0.000000 0.000000 0.000000 0.000000 0.000000 0.000000 0.000000 0.000000 0.000000
3.898773 1.761290 2.735472 3.081233 2.948144 3.617243 3.318168 3.765016 3.669581 3.347919 2.477176 2.801256 2.294298 2.336862 3.151025 2.679224 3.227270 3.004598 2.729053 2.362733 3.199342 4.024066 4.468577 4.663928 4.753520 5.000921 5.263109 5.418448 5.413782 5.435807 5.382912 5.417786 5.366579 5.362488 5.313531 5.490663 5.510288 5.441939 5.778417 6.040312 6.291234 6.675288 10.105956 6.889547 8.638303 6.714161 6.336183 6.421107 5.982629 3.531137 0.000000 0.000000 0.000000 0.000000 0.000000 0.000000 0.000000 0.000000 0.000000 0.000000 0.000000 0.000000 0.000000
3.720138 4.419440 5.115953 1.826549 2.778363 3.332620 3.484039 3.731831 3.153673 5.939163 5.494106 5.939813 5.861679 6.747831 7.833920 7.762496 8.109249 8.357087 2.270794 4.458141 4.154913 4.350897 4.276766 4.181495 4.450739 5.023071 5.132816 5.339626 5.365678 5.405627 5.407206 5.212762 5.121132 5.334464 5.378019 5.503984 5.368269 5.059154 5.687796 5.921678 6.203976 6.656479 6.664022 9.344813 6.933922 7.755582 6.699352 7.701941 7.285759 5.981071 0.000000 0.000000 0.000000 0.000000 0.000000 0.000000 0.000000 0.000000 0.000000 0.000000 0.000000 0.000000 0.000000
5.502853 5.300881 6.253025 6.975666 3.747717 4.333165 4.232174 3.892933 3.785924 3.522904 3.458909 6.854888 5.870372 5.989801 6.749847 8.265930 8.143844 8.829482 7.836011 6.533423 4.346037 4.587269 4.212996 4.837526 5.046409 5.142928 5.278507 5.501857 5.434150 5.394569 5.372540 5.343328 5.366223 5.374428 5.371134 5.444802 5.321003 5.481119 4.990907 5.899779 6.157339 6.357965 6.476461 9.511281 7.555582 7.003393 7.171533 7.933589 7.750396 7.220193 3.318578 0.000000 0.000000 0.000000 0.000000 0.000000 0.000000 0.000000 0.000000 0.000000 0.000000 0.000000 0.000000
3.924883 1.546167 2.020319 2.430380 2.806091 4.408248 4.299508 2.615482 6.530477 3.102674 2.532043 4.077449 2.971945 2.699091 4.074369 3.564422 4.041094 4.258846 3.685175 4.082524 4.622469 4.164847 4.509622 4.934985 5.130549 5.265835 5.450961 5.461325 5.433977 5.422249 5.323672 5.415388 5.223316 5.335662 5.311663 5.421026 5.361742 5.348677 5.501777 5.778108 5.965507 6.319796 9.719336 9.344813 7.123616 7.765037 7.465817 8.317788 7.367904 7.566640 6.636451 2.304418 0.000000 0.000000 0.000000 0.000000 0.000000 0.000000 0.000000 0.000000 0.000000 0.000000 0.000000
6.563513 6.768546 6.936127 7.399932 6.227989 5.661329 6.256141 6.226480 3.485367 4.577230 3.372241 3.032820 3.220626 2.847497 1.900627 2.106570 2.294087 4.139968 4.692742 4.914362 4.821610 3.428841 3.693295 5.089736 5.252803 5.345216 5.673458 5.406971 5.465016 5.406129 5.409209 5.412327 5.434497 5.299661 5.428636 5.401163 5.389791 5.397067 5.457884 5.505214 5.942048 6.279430 6.294438 9.169216 7.090943 8.100630 8.417788 8.454184 7.766640 7.513474 6.955689 4.992602 0.000000 0.000000 0.000000 0.000000 0.000000 0.000000 0.000000 0.000000 0.000000 0.000000 0.000000
0.000000 2.249229 3.373167 1.141314 0.000000 1.370060 2.992342 7.115611 6.740517 5.506667 4.288670 4.153914 4.270821 3.245610 3.246348 2.643175 3.668608 4.558591 4.000713 3.280256 5.109680 4.164410 4.597312 3.996118 5.203299 5.389914 5.439446 5.426106 5.449975 5.552573 5.475055 5.441477 5.425210 5.379320 5.393079 5.355527 5.301974 5.187185 5.384435 5.349034 5.602654 6.061457 10.534572 6.243083 6.176958 6.151791 6.492803 7.556273 7.131425 7.410601 7.232474 5.241192 0.000000 0.000000 0.000000 0.000000 0.000000 0.000000 0.000000 0.000000 0.000000 0.000000 0.000000
0.000000 3.666467 4.194896 6.353473 7.217181 5.814211 7.387078 3.515829 3.219647 8.223411 8.660339 8.379687 7.410022 6.942290 7.103953 8.053762 8.924694 3.943076 3.738398 7.602084 8.177439 8.238850 4.196396 3.581009 3.809327 4.977495 4.129399 5.387300 5.532331 5.500869 5.474409 5.480031 5.482432 5.457272 5.466054 5.425170 5.382537 5.350415 5.268887 5.359284 5.539084 4.865082 11.337933 9.385922 9.212267 6.405917 6.539032 8.175287 7.506972 7.431061 7.320585 5.165339 0.000000 0.000000 0.000000 0.000000 0.000000 0.000000 0.000000 0.000000 0.000000 0.000000 0.000000
3.970641 6.707037 3.128541 3.319106 3.364376 3.289672 3.133809 3.048829 3.148091 3.618190 2.256266 3.170127 2.889380 3.080868 3.847078 4.317893 4.607574 5.697765 4.044212 3.029259 4.607973 3.718998 3.870202 4.874207 4.841573 5.040438 5.234551 5.471858 5.581043 5.525256 5.443687 5.446552 5.467900 5.481121 5.511265 5.325795 5.524365 5.249964 5.363302 5.168605 4.966131 5.923572 5.979751 10.005803 9.264769 8.216156 6.383825 6.610600 7.261903 6.989103 6.323730 5.752358 0.000000 0.000000 0.000000 0.000000 0.000000 0.000000 0.000000 0.000000 0.000000 0.000000 0.000000
5.698318 2.369367 2.091349 2.580895 2.524723 1.534236 3.526320 3.583290 3.293180 3.734527 3.208673 3.306817 3.205487 6.511010 5.314815 5.103822 4.601924 5.264580 7.597651 4.000947 2.466658 4.900974 5.511487 5.597705 3.857304 5.059221 5.386574 5.526333 5.601360 5.580244 5.436291 5.466476 5.436552 5.452497 5.485426 5.516200 5.483714 5.767011 5.469144 5.151019 5.354359 5.423572 5.697580 5.836786 6.018205 9.113212 6.686347 7.724482 7.141775 7.313099 7.136684 1.818328 0.000000 0.000000 0.000000 0.000000 0.000000 0.000000 0.000000 0.000000 0.000000 0.000000 0.000000
3.935146 3.457632 2.400891 3.642628 7.301589 5.974498 6.128784 6.229441 7.788440 7.923379 3.382757 3.719672 6.195177 3.860197 2.799046 3.928904 3.960486 3.746294 5.437771 7.307776 4.601777 4.808015 4.207309 5.072854 5.202522 3.980242 5.199420 5.173058 5.439133 5.672071 5.576785 5.426069 5.442724 5.429850 5.402257 5.370029 5.431297 5.767011 5.337559 5.390291 5.358036 5.201628 5.528312 5.446100 9.238591 6.243219 6.953521 8.068781 7.413099 7.283123 6.092281 3.556745 0.000000 0.000000 0.000000 0.000000 0.000000 0.000000 0.000000 0.000000 0.000000 0.000000 0.000000
4.423013 7.510765 6.524973 7.045829 7.215654 5.410547 5.663919 7.360382 5.605104 6.922052 5.888382 3.341490 3.015195 4.457579 2.359084 2.308910 3.399044 4.254251 4.996658 4.137698 4.056812 5.110923 5.177729 5.462893 4.880632 5.010381 4.303938 4.460569 5.233977 5.590470 5.601360 5.466476 5.439252 5.435260 5.462794 5.465299 5.343180 5.314792 5.201326 5.077401 5.174823 4.552365 4.899059 4.639049 5.143202 10.916033 10.040297 7.255865 6.430009 6.992358 5.980024 2.352011 0.000000 0.000000 0.000000 0.000000 0.000000 0.000000 0.000000 0.000000 0.000000 0.000000 0.000000
3.869634 3.470403 3.756588 4.524374 3.993140 3.067246 3.810813 4.664357 4.267691 3.589891 4.278142 3.984389 3.398222 8.026768 7.338692 7.946009 4.658922 4.914089 3.585744 4.014537 3.848688 4.488241 4.164173 5.220799 5.264965 5.422927 5.483528 5.260776 5.043758 5.282787 5.697917 5.450732 5.504404 5.445956 5.440057 5.463951 5.267333 5.222131 4.621962 5.174437 5.038149 5.143708 5.227436 5.843941 5.571602 8.813189 9.549307 7.314077 7.412434 4.977492 5.953224 4.599306 0.000000 0.000000 0.000000 0.000000 0.000000 0.000000 0.000000 0.000000 0.000000 0.000000 0.000000
4.243148 3.764334 4.434790 3.492094 3.106722 3.350082 3.773597 3.665508 3.414379 3.987448 3.601318 7.278866 7.705502 7.048089 7.153625 7.125527 6.630947 4.421748 3.388733 3.456030 4.329440 4.443546 3.946055 4.540176 4.245532 5.177007 5.232211 5.475472 4.834786 5.110437 5.247666 5.627206 5.575115 5.439440 5.511109 5.513407 5.282098 5.336519 4.270120 5.180953 4.854372 5.358573 5.376742 5.392455 5.507663 5.676011 10.543376 8.249263 6.688772 5.950284 6.646778 5.947300 0.000000 0.000000 0.000000 0.000000 0.000000 0.000000 0.000000 0.000000 0.000000 0.000000 0.000000
8.476986 6.797238 7.028584 7.178505 3.279272 4.469497 3.552121 3.970363 3.387919 7.098559 7.170678 3.952361 3.986080 4.757458 3.731363 2.676297 2.881346 4.589317 2.538674 3.054812 4.326673 4.627700 5.247743 5.337015 5.448731 5.371470 5.507440 5.520948 5.481367 4.907909 5.186973 5.575116 5.623193 5.572599 5.592595 5.583883 5.373706 5.411946 5.179402 4.709255 5.345222 5.046969 5.200640 5.217561 5.142425 4.891142 5.758174 10.139371 7.850284 6.654067 7.824537 6.297910 4.731894 0.000000 0.000000 0.000000 0.000000 0.000000 0.000000 0.000000 0.000000 0.000000 0.000000
6.302065 4.876594 4.807965 6.711009 4.832099 4.046577 4.999610 4.967578 4.399628 4.265880 3.835384 3.346502 3.107920 3.165009 4.274640 4.300831 4.502919 4.195351 4.574461 3.617486 2.633021 3.918333 5.199428 5.510632 7.902269 7.202269 5.645798 5.519452 5.118372 4.709575 5.220783 5.548169 5.544346 5.578405 5.581809 5.583998 5.514108 5.409533 4.506949 5.202702 5.251408 5.221742 5.102885 4.990001 5.520452 5.457303 5.612843 5.762378 9.334057 10.481092 11.397911 8.841087 8.137976 0.000000 0.000000 0.000000 0.000000 0.000000 0.000000 0.000000 0.000000 0.000000 0.000000
4.643166 5.826077 4.726077 2.913648 2.815147 4.793813 5.163917 5.046071 4.763080 4.009386 4.557172 4.417598 4.596302 4.739031 4.564821 4.773606 4.616004 4.793056 7.128417 4.214560 4.810366 4.747434 4.919988 5.447640 5.586674 5.568816 5.659262 6.093233 5.293233 4.234429 5.587160 5.538388 5.534481 5.470917 5.456630 5.430166 5.360420 5.151793 5.097083 4.749613 5.463709 5.100369 4.193804 5.280985 5.411472 5.327289 5.557171 5.470623 5.392626 5.901319 6.002131 9.244300 8.592189 0.000000 0.000000 0.000000 0.000000 0.000000 0.000000 0.000000 0.000000 0.000000 0.000000
4.699343 5.014340 3.987600 4.600384 4.608728 6.746144 7.364513 5.883677 5.111615 5.141989 6.093692 4.880510 4.664625 5.041225 5.403814 5.527024 5.098299 5.670871 7.349738 5.557168 4.475580 4.550131 5.425783 4.868337 4.871174 4.979409 5.545442 5.363491 5.092816 5.171798 5.719913 5.636242 5.369944 5.329656 5.364967 5.184319 4.578493 5.273332 10.603106 5.378968 5.206097 4.212120 5.202150 5.139857 5.295239 5.027291 5.275832 5.609700 5.855642 6.012751 5.946074 5.985537 8.914364 4.996689 0.000000 0.000000 0.000000 0.000000 0.000000 0.000000 0.000000 0.000000 0.000000
5.096587 5.577397 4.910245 4.994798 4.365845 5.060161 5.945274 0.000000 0.000000 0.000000 0.000000 0.000000 0.000000 0.000000 0.000000 0.000000 0.000000 0.000000 0.000000 3.380364 5.205395 6.997301 4.988784 5.385609 5.545452 5.688963 5.674512 4.997778 8.638002 7.807097 5.141902 5.609434 5.375294 6.703319 5.664692 5.450582 5.566553 5.371949 5.197168 10.018213 4.958009 10.070443 5.013545 5.251123 5.492816 4.943340 5.172088 5.573468 5.744106 11.020960 5.635315 5.400476 9.911127 6.131174 0.000000 0.000000 0.000000 0.000000 0.000000 0.000000 0.000000 0.000000 0.000000
0.000000 0.000000 0.000000 0.000000 0.000000 0.000000 0.000000 0.000000 0.000000 0.000000 0.000000 0.000000 0.000000 0.000000 0.000000 0.000000 0.000000 0.000000 0.000000 0.000000 0.000000 4.607288 6.670008 6.045170 6.410721 5.719234 3.476845 8.232839 3.611795 4.888834 5.402406 5.688197 5.826959 6.103319 5.854791 5.620970 5.642968 5.338313 9.884983 4.788033 9.892192 4.478866 5.219358 4.753504 5.166773 5.074487 5.331556 5.541798 10.764616 5.559348 10.288562 5.969933 6.081554 6.439045 0.000000 0.000000 0.000000 0.000000 0.000000 0.000000 0.000000 0.000000 0.000000
