data/2006/output_2006_000000016000_Morphology.asc
ncols		517
nrows		378
xllcorner	499547.500000
yllcorner	4174982.500000
cellsize	10.000000
NODATA_value	0.000000
[rows 120 to 143 of 378, columns 378 to 431 of 517]
1953.100000 1951.600000 1949.900000 1947.400000 1947.100000 1949.100000 1951.300000 1947.300000 1946.600000 1947.200000 1946.100000 1946.500000 1946.700000 1947.500000 1946.000000 1945.000000 1941.500000 1939.800000 1938.400000 1937.700000 1937.100000 1935.700000 1933.200000 1931.700000 1929.100000 1929.500000 1930.500000 1929.400000 1929.400000 1926.600000 1923.700000 1923.800000 1923.400000 1921.200000 1920.600000 1919.400000 1918.300000 1918.700000 1918.500000 1917.300000 1915.800000 1915.600000 1916.500000 1916.400000 1915.900000 1915.500000 1916.900000 1917.600000 1916.300000 1915.600000 1914.100000 1913.000000 1912.400000 1911.400000
1950.200000 1948.200000 1947.700000 1946.800000 1946.000000 1948.000000 1950.000000 1946.900000 1944.900000 1945.300000 1945.100000 1945.000000 1945.800000 1945.500000 1944.700000 1943.700000 1942.900000 1940.600000 1939.600000 1935.100000 1933.100000 1931.600000 1933.700000 1931.700000 1931.100000 1929.500000 1929.700000 1928.700000 1927.600000 1927.900000 1926.400000 1923.000000 1922.400000 1921.600000 1921.300000 1919.100000 1917.800000 1916.400000 1916.500000 1916.600000 1917.500000 1917.400000 1917.200000 1915.800000 1914.600000 1915.500000 1917.900000 1918.200000 1917.200000 1915.100000 1911.100000 1911.200000 1911.200000 1910.100000
1949.200000 1947.100000 1946.500000 1945.700000 1944.900000 1946.500000 1949.100000 1946.200000 1943.600000 1944.400000 1944.400000 1943.800000 1943.800000 1944.200000 1942.300000 1941.900000 1941.700000 1940.800000 1938.000000 1933.400000 1932.400000 1930.700000 1930.600000 1928.400000 1928.200000 1925.700000 1925.300000 1927.400000 1926.300000 1926.400000 1926.100000 1925.600000 1921.500000 1921.000000 1920.000000 1919.300000 1917.500000 1916.500000 1916.600000 1915.800000 1916.600000 1917.400000 1917.300000 1918.700000 1918.900000 1917.800000 1915.900000 1915.200000 1915.500000 1912.800000 1909.600000 1908.900000 1909.700000 1907.100000
1948.400000 1946.800000 1945.100000 1944.500000 1944.200000 1944.200000 1947.100000 1943.300000 1940.500000 1941.300000 1943.300000 1943.200000 1941.700000 1942.200000 1941.000000 1939.000000 1937.600000 1937.200000 1935.500000 1933.000000 1929.500000 1928.100000 1927.400000 1925.400000 1926.100000 1925.300000 1922.600000 1925.300000 1925.900000 1925.300000 1924.800000 1924.100000 1924.200000 1921.800000 1919.700000 1919.100000 1917.400000 1918.000000 1916.200000 1915.700000 1916.100000 1916.500000 1917.200000 1919.900000 1919.600000 1915.000000 1912.300000 1912.200000 1911.700000 1911.100000 1909.000000 1907.900000 1909.100000 1905.800000
1947.700000 1945.400000 1944.600000 1944.000000 1943.600000 1942.500000 1945.100000 1944.800000 1939.700000 1938.800000 1940.200000 1940.800000 1940.100000 1939.300000 1939.100000 1936.100000 1935.300000 1934.900000 1932.500000 1930.900000 1928.500000 1926.400000 1924.300000 1924.400000 1923.100000 1924.100000 1921.900000 1923.300000 1925.700000 1925.200000 1923.400000 1921.500000 1920.800000 1921.800000 1922.700000 1920.300000 1917.800000 1917.500000 1916.300000 1915.100000 1914.900000 1915.800000 1916.100000 1918.800000 1919.100000 1913.400000 1910.500000 1911.300000 1909.400000 1909.500000 1907.100000 1906.300000 1905.900000 1904.800000
1947.300000 1943.800000 1943.700000 1944.000000 1942.800000 1941.300000 1940.400000 1943.800000 1941.500000 1937.300000 1936.400000 1937.100000 1938.100000 1936.600000 1936.000000 1933.900000 1932.100000 1931.700000 1930.000000 1928.200000 1926.100000 1923.900000 1923.800000 1923.000000 1923.300000 1922.800000 1920.800000 1920.200000 1920.800000 1922.800000 1921.800000 1919.400000 1919.200000 1916.700000 1916.500000 1918.200000 1920.000000 1919.000000 1916.900000 1915.400000 1914.400000 1914.700000 1915.700000 1916.200000 1919.400000 1913.600000 1910.400000 1909.700000 1908.200000 1908.000000 1906.500000 1905.800000 1904.900000 1903.900000
1946.900000 1944.600000 1943.400000 1944.000000 1945.500000 1942.800000 1939.300000 1937.600000 1940.800000 1938.000000 1935.600000 1934.400000 1935.600000 1934.600000 1933.100000 1930.800000 1928.700000 1928.100000 1925.100000 1925.100000 1923.900000 1920.900000 1919.900000 1921.900000 1921.700000 1922.100000 1920.900000 1920.300000 1919.200000 1918.500000 1917.400000 1917.000000 1916.100000 1914.400000 1913.400000 1911.900000 1913.200000 1915.100000 1918.400000 1915.700000 1914.800000 1914.200000 1914.900000 1914.900000 1918.900000 1914.900000 1909.100000 1906.400000 1905.100000 1905.600000 1905.200000 1905.100000 1904.000000 1903.800000
1946.300000 1943.700000 1942.200000 1943.800000 1948.300000 1946.700000 1941.100000 1935.800000 1934.600000 1938.000000 1934.400000 1932.800000 1931.900000 1932.500000 1930.400000 1928.100000 1926.300000 1924.900000 1923.000000 1921.400000 1921.800000 1921.500000 1917.100000 1916.600000 1918.600000 1919.800000 1919.900000 1918.800000 1917.900000 1916.300000 1915.100000 1914.900000 1915.200000 1914.300000 1912.900000 1910.200000 1910.500000 1910.900000 1913.700000 1915.600000 1913.200000 1913.300000 1914.000000 1914.000000 1917.400000 1915.000000 1909.400000 1906.400000 1904.100000 1903.900000 1904.000000 1903.600000 1903.500000 1901.900000
1943.500000 1942.300000 1941.000000 1943.400000 1944.600000 1942.300000 1942.000000 1936.000000 1931.800000 1933.800000 1933.700000 1931.700000 1930.200000 1928.700000 1928.500000 1926.200000 1923.700000 1922.100000 1921.400000 1918.900000 1918.500000 1918.800000 1915.500000 1913.500000 1914.300000 1916.300000 1917.600000 1916.000000 1915.600000 1915.100000 1913.900000 1913.400000 1912.900000 1912.700000 1911.700000 1910.200000 1909.000000 1909.000000 1910.100000 1915.000000 1913.400000 1914.700000 1914.200000 1912.900000 1915.100000 1914.400000 1909.700000 1905.400000 1904.200000 1902.200000 1904.300000 1903.200000 1902.300000 1901.700000
1940.500000 1939.900000 1938.300000 1940.000000 1939.200000 1936.400000 1938.500000 1937.800000 1930.600000 1928.900000 1932.700000 1930.700000 1928.500000 1925.900000 1922.400000 1922.900000 1922.000000 1920.000000 1919.400000 1917.400000 1915.900000 1913.800000 1912.100000 1910.800000 1912.000000 1913.300000 1914.400000 1913.300000 1914.200000 1914.600000 1912.800000 1911.200000 1909.300000 1909.700000 1909.700000 1907.500000 1907.300000 1907.200000 1906.900000 1911.800000 1914.600000 1913.200000 1913.600000 1912.300000 1913.000000 1914.400000 1909.300000 1904.800000 1904.500000 1901.800000 1902.100000 1902.400000 1901.400000 1900.900000
1936.900000 1938.300000 1936.400000 1936.500000 1937.300000 1932.000000 1933.800000 1934.600000 1931.900000 1927.000000 1927.900000 1929.500000 1928.000000 1924.700000 1920.800000 1919.200000 1918.100000 1917.200000 1917.200000 1915.900000 1913.500000 1911.900000 1909.800000 1910.600000 1911.100000 1911.100000 1911.800000 1912.100000 1913.700000 1913.300000 1910.300000 1908.800000 1907.600000 1907.500000 1906.200000 1905.200000 1905.700000 1906.600000 1905.800000 1908.800000 1914.700000 1912.300000 1912.600000 1911.800000 1912.000000 1913.200000 1908.900000 1904.100000 1902.500000 1900.700000 1899.800000 1900.200000 1900.300000 1899.600000
1933.500000 1936.900000 1934.300000 1934.000000 1935.500000 1931.000000 1930.200000 1930.500000 1929.900000 1925.000000 1923.600000 1927.900000 1926.300000 1923.400000 1920.600000 1917.300000 1915.900000 1915.900000 1914.900000 1914.200000 1911.700000 1910.300000 1909.400000 1909.000000 1910.300000 1910.000000 1909.800000 1910.100000 1909.900000 1911.100000 1908.400000 1906.700000 1904.400000 1903.500000 1902.400000 1903.200000 1903.700000 1904.700000 1904.700000 1906.200000 1911.700000 1912.400000 1911.100000 1910.800000 1912.300000 1912.300000 1907.900000 1904.100000 1900.600000 1901.400000 1901.400000 1899.900000 1897.900000 1898.000000
1932.200000 1934.700000 1933.500000 1931.900000 1932.900000 1931.900000 1929.200000 1926.100000 1927.000000 1923.000000 1919.400000 1924.700000 1922.400000 1920.200000 1918.900000 1915.700000 1913.600000 1913.100000 1913.100000 1912.400000 1910.500000 1909.700000 1909.500000 1908.900000 1908.500000 1908.900000 1908.100000 1908.500000 1906.900000 1906.500000 1906.800000 1904.800000 1903.900000 1901.900000 1900.300000 1900.000000 1900.500000 1901.400000 1902.400000 1904.500000 1908.900000 1911.900000 1910.700000 1910.000000 1911.700000 1911.300000 1906.900000 1903.300000 1899.900000 1899.300000 1899.300000 1898.600000 1898.200000 1898.700000
1930.200000 1932.600000 1933.000000 1933.100000 1932.600000 1931.300000 1928.200000 1925.200000 1924.200000 1920.700000 1916.600000 1921.100000 1919.400000 1916.800000 1915.400000 1913.800000 1912.000000 1910.600000 1910.600000 1910.900000 1909.300000 1908.800000 1907.300000 1908.600000 1907.000000 1906.500000 1907.100000 1906.700000 1906.500000 1905.900000 1905.100000 1903.600000 1902.800000 1901.000000 1899.300000 1899.300000 1899.300000 1899.300000 1898.900000 1900.600000 1906.300000 1911.000000 1910.500000 1910.300000 1910.700000 1910.100000 1906.100000 1902.200000 1898.700000 1898.800000 1898.900000 1899.200000 1898.100000 1895.700000
1926.700000 1928.700000 1929.600000 1930.700000 1929.800000 1927.800000 1925.300000 1922.700000 1920.100000 1917.200000 1914.100000 1915.800000 1916.000000 1915.500000 1913.800000 1911.200000 1909.600000 1908.500000 1908.400000 1908.400000 1906.800000 1907.600000 1906.100000 1907.400000 1908.100000 1907.200000 1905.600000 1905.900000 1903.700000 1903.500000 1903.100000 1902.500000 1902.200000 1900.700000 1899.700000 1899.200000 1899.000000 1898.300000 1898.000000 1899.000000 1905.700000 1911.000000 1910.200000 1910.500000 1911.000000 1909.100000 1905.100000 1901.100000 1897.400000 1897.700000 1898.200000 1898.100000 1897.000000 1895.300000
1924.200000 1924.700000 1925.800000 1927.000000 1926.200000 1925.500000 1924.200000 1921.800000 1918.300000 1915.800000 1911.400000 1911.400000 1913.800000 1913.300000 1912.600000 1910.400000 1907.400000 1906.400000 1906.300000 1905.200000 1905.600000 1906.200000 1905.200000 1905.500000 1905.900000 1904.400000 1904.500000 1904.300000 1902.300000 1902.000000 1901.900000 1901.800000 1901.100000 1900.600000 1898.800000 1898.800000 1898.300000 1897.600000 1897.600000 1898.600000 1903.200000 1909.100000 1911.000000 1910.100000 1910.000000 1908.600000 1904.200000 1900.500000 1896.100000 1896.200000 1896.600000 1897.100000 1896.800000 1895.500000
1921.800000 1921.800000 1922.000000 1924.200000 1923.700000 1921.800000 1922.100000 1919.100000 1918.200000 1915.300000 1909.000000 1909.700000 1910.200000 1912.900000 1911.700000 1909.300000 1907.200000 1905.500000 1904.400000 1903.500000 1904.600000 1905.400000 1903.900000 1904.200000 1902.200000 1900.800000 1901.600000 1902.100000 1901.500000 1901.900000 1901.100000 1900.800000 1901.200000 1899.700000 1898.300000 1898.600000 1897.900000 1897.200000 1897.200000 1897.400000 1901.400000 1906.300000 1909.600000 1909.200000 1909.100000 1908.500000 1903.700000 1899.800000 1895.000000 1894.200000 1894.800000 1895.600000 1895.300000 1894.200000
1919.500000 1918.800000 1919.200000 1921.100000 1918.300000 1917.200000 1916.800000 1915.800000 1913.900000 1913.500000 1910.600000 1908.000000 1907.400000 1910.300000 1911.500000 1909.500000 1907.200000 1905.000000 1903.900000 1903.300000 1903.400000 1904.200000 1902.100000 1900.800000 1900.500000 1899.600000 1899.600000 1899.700000 1900.100000 1898.800000 1899.000000 1899.400000 1898.200000 1898.900000 1898.300000 1896.400000 1897.300000 1896.600000 1897.200000 1896.600000 1897.300000 1903.100000 1906.900000 1908.200000 1908.300000 1907.400000 1903.300000 1899.700000 1894.000000 1893.000000 1893.900000 1894.400000 1893.300000 1891.000000
1917.600000 1916.400000 1916.100000 1917.200000 1914.200000 1914.100000 1913.900000 1915.000000 1912.000000 1911.300000 1911.400000 1907.200000 1906.400000 1906.400000 1910.500000 1909.800000 1907.100000 1904.400000 1903.100000 1902.700000 1902.200000 1902.200000 1901.100000 1900.200000 1899.400000 1898.400000 1897.900000 1897.800000 1897.300000 1897.100000 1897.000000 1897.400000 1895.900000 1896.900000 1896.700000 1894.700000 1895.900000 1896.200000 1895.600000 1894.400000 1894.100000 1898.900000 1902.000000 1905.300000 1904.600000 1904.300000 1901.700000 1899.600000 1894.000000 1891.700000 1891.400000 1891.900000 1891.500000 1889.400000
1916.200000 1914.300000 1913.700000 1914.600000 1912.500000 1912.800000 1912.400000 1911.700000 1910.800000 1911.800000 1909.800000 1909.100000 1905.400000 1905.200000 1904.700000 1907.600000 1906.400000 1903.800000 1902.300000 1902.100000 1901.200000 1900.800000 1901.300000 1899.300000 1898.700000 1898.700000 1898.200000 1896.700000 1895.600000 1894.700000 1894.100000 1892.900000 1894.400000 1894.400000 1894.600000 1894.000000 1895.300000 1895.100000 1894.900000 1894.300000 1893.000000 1894.400000 1899.800000 1901.400000 1901.100000 1901.600000 1899.600000 1897.900000 1895.300000 1890.900000 1889.800000 1890.700000 1890.000000 1888.800000
1913.900000 1912.600000 1911.900000 1911.400000 1910.600000 1910.800000 1909.300000 1909.200000 1908.700000 1909.400000 1908.300000 1908.900000 1904.900000 1904.800000 1904.400000 1904.400000 1905.300000 1904.500000 1902.000000 1901.100000 1900.400000 1899.900000 1899.900000 1898.600000 1897.700000 1897.400000 1897.200000 1896.500000 1895.600000 1894.500000 1893.000000 1891.400000 1892.300000 1891.200000 1891.500000 1892.800000 1894.400000 1894.700000 1894.100000 1893.700000 1892.100000 1890.700000 1896.200000 1897.400000 1899.000000 1897.900000 1897.200000 1895.500000 1895.300000 1889.900000 1888.900000 1889.000000 1888.700000 1886.200000
1909.100000 1910.500000 1909.900000 1909.600000 1908.900000 1908.200000 1907.300000 1906.900000 1905.800000 1906.500000 1906.300000 1907.800000 1904.800000 1904.100000 1904.800000 1904.500000 1904.300000 1904.700000 1902.000000 1900.100000 1899.000000 1898.600000 1898.400000 1898.300000 1897.400000 1896.900000 1896.800000 1896.800000 1895.400000 1895.000000 1892.400000 1891.800000 1890.700000 1889.900000 1890.500000 1891.000000 1892.000000 1892.600000 1893.900000 1892.900000 1891.300000 1887.700000 1892.200000 1895.900000 1895.800000 1895.000000 1894.700000 1893.200000 1893.400000 1890.700000 1888.100000 1887.600000 1887.400000 1884.200000
1907.200000 1907.300000 1909.000000 1907.600000 1907.400000 1907.700000 1905.500000 1904.600000 1903.900000 1905.900000 1906.400000 1907.300000 1905.500000 1904.100000 1905.500000 1904.900000 1904.400000 1904.000000 1903.100000 1900.600000 1898.300000 1897.200000 1896.800000 1896.700000 1896.500000 1896.800000 1895.900000 1896.200000 1895.400000 1893.800000 1892.000000 1891.100000 1890.000000 1889.700000 1888.800000 1889.200000 1888.900000 1890.300000 1890.700000 1890.100000 1889.000000 1886.700000 1888.100000 1893.500000 1893.000000 1892.100000 1890.700000 1892.100000 1891.500000 1891.700000 1887.800000 1886.500000 1886.000000 1883.900000
1906.900000 1905.500000 1906.600000 1907.100000 1906.200000 1905.600000 1903.400000 1903.100000 1902.900000 1905.200000 1905.000000 1905.000000 1907.000000 1906.900000 1904.800000 1903.800000 1904.100000 1903.800000 1903.200000 1902.900000 1898.500000 1896.300000 1895.800000 1895.400000 1896.100000 1895.700000 1894.900000 1894.200000 1892.700000 1892.100000 1892.100000 1891.700000 1889.100000 1888.100000 1888.000000 1886.800000 1887.800000 1889.200000 1889.200000 1887.900000 1886.700000 1885.600000 1884.800000 1889.500000 1892.500000 1890.700000 1888.300000 1890.300000 1891.200000 1891.000000 1886.000000 1883.000000 1884.300000 1882.800000
