data/2006/output_2006_000000016000_Morphology.asc
ncols		517
nrows		378
xllcorner	499547.500000
yllcorner	4174982.500000
cellsize	10.000000
NODATA_value	0.000000
[rows 96 to 119 of 378, columns 162 to 215 of 517]
2763.400000 2758.900000 2754.600000 2750.200000 2745.400000 2742.500000 2738.700000 2734.600000 2730.300000 2726.200000 2721.900000 2718.600000 2715.200000 2710.700000 2707.600000 2704.600000 2700.800000 2696.300000 2692.000000 2688.900000 2685.600000 2681.100000 2676.200000 2672.300000 2667.800000 2664.300000 2661.200000 2657.100000 2652.900000 2650.000000 2644.600000 2639.600000 2634.000000 2628.400000 2624.000000 2619.100000 2614.400000 2609.800000 2605.600000 2601.600000 2598.300000 2594.400000 2590.900000 2587.300000 2583.500000 2577.900000 2571.900000 2566.000000 2561.600000 2557.400000 2553.300000 2551.000000 2548.800000 2548.300000
2761.600000 2757.000000 2752.200000 2748.900000 2745.000000 2741.400000 2738.700000 2733.900000 2730.500000 2725.800000 2721.400000 2717.200000 2713.200000 2709.300000 2706.300000 2703.100000 2699.900000 2696.400000 2692.400000 2687.600000 2682.600000 2678.000000 2674.800000 2670.600000 2666.000000 2662.400000 2659.100000 2655.200000 2652.500000 2650.900000 2644.600000 2639.300000 2634.100000 2627.800000 2622.600000 2617.800000 2612.500000 2607.400000 2603.100000 2600.100000 2595.700000 2592.100000 2588.300000 2585.100000 2581.600000 2578.500000 2573.800000 2568.300000 2562.800000 2558.400000 2555.200000 2554.400000 2551.100000 2547.900000
2757.900000 2754.500000 2751.300000 2747.400000 2743.900000 2740.400000 2738.000000 2734.500000 2731.100000 2727.500000 2722.800000 2717.300000 2712.000000 2708.200000 2705.000000 2701.800000 2698.600000 2695.000000 2691.000000 2687.000000 2682.700000 2678.700000 2674.300000 2670.000000 2664.900000 2659.300000 2654.800000 2652.000000 2650.300000 2648.000000 2641.800000 2635.400000 2630.400000 2626.500000 2621.600000 2617.200000 2612.200000 2607.600000 2603.700000 2599.900000 2595.200000 2591.200000 2587.400000 2583.700000 2579.300000 2575.600000 2572.000000 2568.400000 2564.900000 2561.300000 2558.800000 2556.700000 2552.300000 2546.500000
2758.600000 2754.300000 2750.300000 2746.600000 2742.900000 2739.700000 2735.600000 2732.400000 2728.400000 2723.900000 2720.800000 2716.600000 2711.300000 2707.400000 2703.700000 2699.600000 2696.500000 2692.800000 2689.800000 2686.600000 2683.100000 2679.000000 2674.500000 2668.500000 2662.900000 2658.100000 2652.600000 2647.000000 2643.600000 2641.600000 2637.700000 2634.200000 2629.700000 2625.500000 2620.900000 2617.700000 2613.400000 2609.200000 2605.200000 2602.100000 2597.600000 2593.100000 2588.900000 2583.400000 2578.300000 2574.600000 2571.600000 2568.900000 2565.900000 2562.800000 2560.000000 2556.700000 2551.700000 2546.600000
2758.300000 2756.000000 2750.100000 2744.300000 2740.900000 2737.100000 2733.500000 2730.000000 2726.200000 2721.600000 2716.700000 2712.900000 2709.600000 2705.600000 2701.900000 2698.800000 2695.100000 2691.400000 2687.400000 2683.600000 2679.900000 2675.800000 2671.700000 2666.700000 2660.400000 2655.600000 2650.700000 2645.800000 2641.800000 2638.600000 2636.400000 2633.300000 2629.700000 2625.200000 2620.900000 2617.000000 2613.700000 2610.400000 2605.800000 2601.900000 2597.400000 2592.400000 2587.500000 2583.400000 2579.000000 2574.900000 2572.400000 2570.700000 2567.200000 2562.700000 2558.700000 2554.600000 2549.700000 2545.200000
2756.200000 2755.400000 2748.400000 2743.100000 2739.000000 2735.000000 2731.800000 2727.600000 2723.500000 2719.700000 2715.600000 2711.700000 2708.400000 2705.000000 2701.200000 2697.700000 2694.500000 2691.000000 2686.900000 2681.200000 2677.300000 2673.000000 2668.700000 2664.600000 2660.100000 2655.700000 2651.100000 2646.500000 2641.900000 2638.700000 2635.900000 2633.200000 2629.400000 2624.900000 2621.200000 2616.900000 2612.800000 2608.900000 2603.800000 2599.200000 2594.900000 2590.400000 2585.700000 2581.400000 2577.500000 2574.000000 2571.600000 2569.100000 2565.900000 2562.400000 2558.600000 2553.700000 2549.100000 2545.200000
2756.100000 2752.300000 2749.100000 2743.500000 2738.100000 2733.300000 2729.200000 2726.300000 2722.100000 2718.600000 2715.100000 2711.600000 2707.400000 2704.200000 2700.600000 2696.100000 2692.700000 2689.600000 2685.500000 2679.400000 2673.700000 2669.500000 2666.100000 2662.500000 2658.600000 2654.600000 2651.100000 2646.000000 2641.800000 2637.100000 2634.400000 2632.500000 2629.700000 2625.800000 2620.200000 2615.900000 2610.900000 2607.100000 2602.200000 2598.100000 2594.000000 2589.200000 2584.100000 2579.300000 2575.300000 2570.800000 2567.600000 2564.500000 2561.500000 2558.200000 2554.300000 2550.400000 2546.400000 2542.600000
2755.000000 2751.300000 2748.700000 2744.000000 2738.200000 2732.800000 2728.200000 2723.600000 2719.600000 2716.100000 2713.200000 2709.700000 2705.000000 2702.200000 2698.400000 2694.200000 2690.300000 2685.800000 2682.500000 2677.500000 2671.400000 2667.500000 2663.500000 2659.500000 2657.600000 2653.100000 2648.200000 2644.900000 2641.100000 2636.500000 2632.200000 2628.400000 2626.500000 2623.600000 2619.500000 2615.700000 2611.100000 2606.600000 2600.700000 2597.100000 2593.200000 2587.600000 2582.100000 2577.000000 2572.600000 2568.700000 2564.900000 2562.100000 2559.100000 2555.900000 2552.500000 2548.900000 2545.700000 2541.600000
2753.100000 2749.400000 2746.000000 2740.400000 2734.300000 2728.900000 2725.500000 2721.400000 2716.400000 2711.700000 2707.900000 2703.600000 2699.700000 2697.200000 2695.200000 2691.400000 2687.300000 2683.200000 2678.700000 2674.000000 2669.900000 2665.800000 2661.900000 2659.000000 2657.500000 2652.800000 2646.800000 2642.500000 2641.500000 2637.700000 2632.800000 2628.600000 2625.300000 2623.200000 2619.300000 2617.300000 2612.800000 2607.400000 2604.400000 2601.300000 2598.100000 2591.500000 2584.500000 2578.300000 2573.000000 2568.100000 2563.600000 2559.300000 2556.900000 2554.300000 2551.000000 2547.300000 2543.500000 2539.800000
2748.900000 2746.400000 2743.300000 2737.800000 2732.800000 2726.700000 2721.600000 2717.600000 2713.800000 2709.700000 2705.100000 2701.000000 2698.100000 2694.800000 2692.100000 2689.700000 2684.700000 2680.100000 2675.300000 2671.700000 2667.600000 2663.900000 2660.400000 2657.500000 2654.000000 2650.700000 2646.400000 2642.300000 2640.900000 2638.900000 2635.000000 2630.900000 2627.300000 2624.200000 2622.200000 2620.000000 2614.800000 2610.600000 2609.700000 2606.700000 2602.000000 2595.400000 2588.700000 2582.700000 2576.900000 2570.400000 2565.200000 2560.400000 2556.200000 2552.100000 2548.800000 2545.500000 2542.000000 2538.700000
2747.100000 2742.200000 2739.600000 2736.300000 2730.200000 2725.500000 2720.800000 2715.400000 2711.300000 2707.800000 2705.300000 2702.000000 2698.000000 2693.300000 2689.900000 2685.900000 2681.800000 2677.600000 2672.800000 2668.700000 2664.700000 2661.800000 2658.200000 2655.000000 2651.100000 2647.200000 2643.900000 2640.700000 2637.300000 2634.800000 2632.600000 2629.800000 2626.400000 2624.000000 2622.700000 2621.600000 2619.700000 2616.200000 2613.700000 2609.000000 2604.400000 2599.100000 2592.400000 2586.000000 2579.800000 2574.300000 2568.600000 2563.800000 2559.200000 2554.200000 2550.800000 2546.700000 2542.000000 2537.700000
2744.600000 2739.700000 2736.000000 2732.600000 2728.000000 2723.800000 2720.100000 2715.200000 2710.700000 2707.300000 2705.200000 2701.500000 2696.900000 2693.500000 2688.800000 2684.400000 2680.100000 2675.900000 2671.900000 2669.500000 2667.200000 2663.200000 2659.900000 2655.400000 2651.100000 2647.700000 2644.000000 2640.600000 2637.100000 2633.500000 2629.600000 2626.900000 2623.300000 2620.700000 2619.100000 2618.500000 2618.200000 2616.500000 2613.800000 2609.600000 2604.400000 2599.000000 2593.200000 2587.400000 2582.500000 2577.300000 2572.900000 2567.800000 2563.200000 2559.800000 2556.100000 2551.600000 2545.900000 2540.900000
2743.800000 2738.500000 2734.700000 2731.500000 2727.600000 2723.500000 2719.800000 2715.800000 2711.700000 2707.800000 2704.600000 2701.600000 2698.100000 2693.600000 2688.500000 2684.100000 2680.000000 2676.300000 2672.800000 2669.300000 2666.200000 2662.600000 2657.900000 2653.600000 2650.800000 2647.700000 2644.200000 2641.000000 2637.400000 2633.600000 2629.900000 2626.800000 2623.900000 2620.500000 2617.200000 2614.800000 2612.200000 2610.300000 2608.200000 2605.200000 2601.300000 2596.900000 2591.800000 2586.300000 2581.400000 2577.100000 2572.700000 2568.800000 2564.400000 2561.800000 2558.200000 2555.000000 2549.400000 2544.100000
2744.000000 2738.700000 2734.100000 2729.200000 2725.500000 2722.600000 2718.300000 2713.900000 2710.600000 2706.900000 2704.100000 2700.400000 2696.800000 2693.400000 2689.800000 2686.800000 2682.100000 2677.000000 2671.900000 2669.000000 2665.500000 2661.900000 2658.800000 2655.600000 2652.000000 2648.000000 2644.700000 2641.200000 2637.000000 2633.200000 2629.900000 2626.600000 2623.800000 2620.400000 2617.600000 2613.900000 2609.300000 2605.600000 2601.900000 2598.900000 2596.100000 2592.600000 2588.300000 2583.900000 2579.600000 2575.600000 2571.500000 2568.000000 2564.800000 2561.600000 2557.100000 2554.100000 2549.500000 2544.100000
2744.200000 2739.500000 2733.900000 2729.000000 2724.600000 2720.500000 2717.800000 2714.500000 2710.600000 2707.100000 2703.100000 2699.700000 2696.400000 2692.300000 2689.300000 2687.500000 2685.000000 2680.600000 2677.300000 2673.000000 2667.800000 2663.400000 2659.500000 2656.700000 2653.300000 2649.000000 2645.400000 2641.000000 2636.600000 2632.500000 2629.400000 2626.200000 2622.500000 2619.200000 2616.100000 2612.800000 2608.100000 2604.200000 2600.200000 2596.400000 2592.200000 2588.600000 2584.700000 2580.500000 2576.200000 2571.900000 2568.000000 2564.300000 2560.600000 2556.400000 2552.100000 2550.000000 2546.700000 2542.600000
2743.900000 2738.800000 2733.600000 2728.600000 2723.900000 2720.100000 2716.200000 2713.800000 2710.900000 2706.400000 2702.500000 2698.700000 2695.400000 2692.100000 2689.400000 2686.600000 2683.000000 2680.300000 2677.700000 2673.900000 2669.000000 2664.700000 2660.000000 2656.600000 2652.200000 2646.900000 2642.900000 2639.200000 2634.400000 2630.300000 2627.600000 2624.300000 2620.300000 2617.200000 2614.500000 2610.700000 2606.700000 2602.700000 2599.000000 2595.100000 2591.500000 2587.600000 2583.600000 2579.600000 2575.900000 2571.500000 2567.400000 2562.600000 2558.100000 2553.300000 2549.500000 2546.000000 2542.900000 2539.900000
2743.000000 2738.800000 2734.100000 2729.500000 2725.400000 2721.800000 2717.700000 2714.500000 2711.100000 2707.100000 2702.700000 2698.700000 2695.300000 2692.100000 2689.700000 2686.700000 2683.000000 2680.900000 2679.200000 2676.600000 2670.700000 2665.100000 2660.400000 2654.800000 2649.600000 2645.200000 2642.000000 2638.200000 2634.500000 2628.600000 2624.900000 2621.600000 2618.500000 2613.900000 2611.300000 2608.700000 2605.600000 2601.400000 2597.400000 2594.200000 2590.800000 2587.700000 2583.800000 2579.400000 2574.000000 2569.300000 2565.100000 2561.000000 2555.800000 2551.600000 2548.300000 2545.200000 2542.200000 2539.800000
2741.800000 2737.900000 2733.200000 2729.500000 2725.100000 2721.000000 2717.900000 2714.400000 2711.300000 2706.700000 2703.200000 2700.000000 2695.700000 2692.700000 2689.900000 2687.800000 2683.900000 2681.200000 2678.400000 2675.000000 2669.200000 2663.800000 2659.500000 2653.700000 2648.900000 2643.800000 2640.000000 2636.200000 2632.900000 2628.200000 2623.000000 2618.800000 2615.400000 2612.200000 2607.800000 2606.000000 2603.000000 2599.600000 2596.000000 2593.200000 2590.000000 2586.100000 2582.000000 2578.500000 2574.500000 2570.500000 2565.000000 2559.700000 2554.600000 2550.400000 2546.100000 2543.100000 2539.900000 2537.500000
2741.000000 2736.700000 2732.000000 2727.700000 2723.300000 2718.800000 2715.300000 2712.100000 2709.000000 2707.000000 2703.400000 2700.900000 2696.100000 2692.400000 2690.000000 2687.900000 2685.200000 2681.600000 2677.000000 2673.300000 2669.500000 2665.700000 2660.500000 2655.000000 2649.700000 2644.800000 2639.500000 2634.700000 2630.000000 2625.400000 2621.900000 2618.400000 2614.200000 2610.100000 2605.400000 2601.900000 2600.400000 2597.600000 2594.300000 2591.100000 2587.700000 2584.300000 2580.300000 2576.300000 2572.600000 2569.200000 2564.200000 2559.000000 2554.400000 2549.600000 2544.600000 2540.600000 2538.400000 2535.600000
2740.300000 2736.900000 2732.700000 2728.300000 2723.600000 2718.800000 2714.700000 2712.300000 2709.200000 2706.500000 2703.700000 2699.800000 2696.100000 2693.500000 2690.800000 2688.200000 2684.000000 2680.300000 2676.400000 2672.300000 2668.600000 2664.900000 2660.000000 2655.800000 2650.300000 2644.800000 2639.300000 2634.500000 2630.400000 2625.200000 2622.600000 2619.600000 2615.000000 2610.400000 2606.400000 2602.800000 2599.500000 2596.500000 2593.000000 2589.400000 2586.000000 2581.700000 2577.600000 2573.600000 2570.700000 2566.700000 2562.300000 2558.800000 2554.400000 2549.600000 2544.900000 2541.300000 2537.300000 2534.500000
2741.400000 2737.200000 2732.700000 2728.600000 2724.600000 2720.400000 2716.600000 2713.300000 2709.900000 2707.300000 2704.200000 2699.800000 2696.100000 2692.600000 2690.100000 2687.300000 2684.200000 2680.800000 2676.200000 2671.300000 2667.400000 2664.200000 2659.600000 2654.900000 2649.600000 2644.600000 2640.300000 2636.700000 2632.300000 2627.500000 2625.000000 2620.600000 2615.500000 2610.200000 2606.500000 2603.000000 2599.500000 2595.900000 2592.700000 2588.700000 2584.500000 2580.400000 2577.400000 2573.200000 2567.400000 2562.800000 2559.600000 2556.400000 2553.500000 2550.100000 2546.200000 2542.600000 2538.700000 2534.900000
2740.400000 2737.900000 2734.400000 2729.800000 2725.000000 2720.300000 2716.500000 2713.500000 2710.400000 2707.800000 2704.800000 2700.400000 2696.300000 2692.800000 2689.300000 2686.400000 2683.600000 2679.800000 2676.500000 2671.800000 2666.300000 2661.800000 2658.000000 2654.600000 2650.000000 2646.000000 2641.900000 2637.500000 2633.200000 2629.100000 2624.800000 2620.300000 2616.200000 2611.500000 2607.400000 2603.300000 2599.700000 2596.000000 2592.800000 2588.900000 2585.100000 2581.300000 2576.900000 2572.900000 2567.400000 2562.200000 2558.200000 2554.600000 2552.000000 2549.100000 2545.400000 2542.200000 2538.700000 2534.700000
2741.200000 2737.400000 2734.700000 2730.600000 2726.200000 2722.200000 2718.800000 2715.800000 2712.100000 2707.900000 2704.200000 2700.600000 2695.900000 2691.100000 2687.300000 2682.800000 2680.200000 2677.900000 2674.000000 2671.000000 2667.600000 2663.500000 2659.800000 2656.300000 2651.900000 2647.600000 2642.300000 2638.300000 2634.300000 2629.900000 2625.500000 2620.300000 2615.900000 2612.000000 2608.200000 2604.600000 2600.100000 2595.000000 2591.800000 2588.700000 2584.500000 2580.500000 2578.400000 2573.600000 2566.900000 2562.700000 2559.200000 2556.000000 2552.000000 2548.000000 2543.800000 2540.400000 2536.700000 2532.600000
2744.300000 2739.300000 2735.800000 2731.300000 2727.500000 2722.100000 2718.800000 2716.500000 2713.300000 2710.300000 2705.000000 2701.900000 2698.600000 2694.000000 2688.400000 2683.700000 2679.000000 2675.400000 2671.200000 2667.200000 2665.200000 2662.600000 2659.300000 2655.600000 2650.500000 2646.000000 2642.500000 2639.300000 2635.600000 2629.200000 2624.200000 2620.300000 2616.200000 2613.300000 2610.700000 2606.000000 2600.600000 2596.500000 2591.600000 2587.400000 2582.500000 2578.800000 2575.400000 2571.200000 2566.500000 2563.100000 2559.000000 2555.800000 2552.300000 2549.100000 2544.300000 2539.300000 2534.200000 2529.400000
