data/2006/output_2006_000000016000_SolidifiedLavaThickness.asc
ncols		517
nrows		378
xllcorner	499547.500000
yllcorner	4174982.500000
cellsize	10.000000
NODATA_value	0.000000
[rows 168 to 195 of 378, columns 315 to 377 of 517]
0.000000 0.000000 0.000000 0.000000 0.000000 0.000000 0.000000 0.000000 0.000000 0.000000 0.000000 0.000000 0.000000 0.000000 0.000000 0.000000 0.000000 0.000000 0.000000 0.000000 5.060133 6.550083 4.523163 4.854515 9.878708 5.206607 5.435073 5.551859 5.476216 5.541014 5.812522 5.932428 6.367759 7.126362 7.447913 7.264137 6.684821 10.081672 9.841895 8.419839 8.342787 8.217935 7.661323 2.255349 0.000000 0.000000 0.000000 0.000000 0.000000 0.000000 0.000000 0.000000 0.000000 0.000000 0.000000 0.000000 0.000000 0.000000 0.000000 0.000000 0.000000 0.000000 0.000000
0.000000 0.000000 0.000000 0.000000 1.628084 3.616958 5.069099 4.443785 4.916212 4.985628 2.538804 4.690474 0.000000 0.000000 0.000000 0.000000 0.000000 0.000000 0.000000 6.063093 7.288892 4.697776 8.650087 4.924207 4.658391 5.149468 5.368491 5.477359 5.429179 5.424590 5.495794 5.749562 5.942121 6.713207 6.820314 7.010890 7.104683 9.881903 9.028961 9.041093 9.382514 8.346765 8.056297 7.703539 3.716728 0.000000 0.000000 0.000000 0.000000 0.000000 0.000000 0.000000 0.000000 0.000000 0.000000 0.000000 0.000000 0.000000 0.000000 0.000000 0.000000 0.000000 0.000000
0.000000 0.000000 2.111428 3.945005 6.001102 6.533216 5.899489 5.850656 6.233033 6.013021 6.399545 5.640264 5.798913 6.116592 6.807655 7.280323 7.518658 7.731401 8.175926 8.700487 3.905684 8.150503 3.760280 4.581680 4.904961 5.089459 5.258161 5.389644 5.486326 5.449906 5.437610 5.521788 5.825282 6.136112 6.364961 6.740423 6.974690 10.010961 9.066518 7.221657 8.380237 8.456299 8.465079 8.081331 5.623291 0.000000 0.000000 0.000000 0.000000 0.000000 0.000000 0.000000 0.000000 0.000000 0.000000 0.000000 0.000000 0.000000 0.000000 0.000000 0.000000 0.000000 0.000000
4.970015 4.961030 5.776122 2.486677 4.208244 3.430260 3.292390 3.822742 3.275989 3.470382 3.118914 2.758111 2.483514 2.700914 2.812198 3.280460 3.212099 3.025720 3.978444 3.374616 3.788780 3.778022 3.985240 4.535397 4.687792 5.121030 5.263165 5.361314 5.433150 5.398849 5.435355 5.458595 5.552535 5.742363 6.197127 6.405843 7.336198 5.849464 6.938814 7.321657 6.990991 8.722753 8.881356 7.594647 5.693738 0.000000 0.000000 0.000000 0.000000 0.000000 0.000000 0.000000 0.000000 0.000000 0.000000 0.000000 0.000000 0.000000 0.000000 0.000000 0.000000 0.000000 0.000000
4.085407 3.199356 3.211151 2.788495 3.759838 2.836144 2.958359 4.357154 3.476751 3.471261 2.936923 2.739207 2.935479 2.843842 3.815937 3.792378 4.013858 4.142062 3.923102 3.520502 3.386500 3.476891 3.417802 4.218613 4.319357 4.952414 5.310105 5.342405 5.407124 5.271234 5.375879 5.319356 5.493481 5.580864 5.902236 6.487670 6.280405 6.927876 11.046417 10.452316 7.392367 9.022753 7.232520 7.350180 7.542804 1.950124 1.822700 1.845154 0.000000 0.000000 0.000000 0.000000 0.000000 0.000000 0.000000 0.000000 0.000000 0.000000 0.000000 0.000000 0.000000 0.000000 0.000000
3.404495 2.593862 3.882925 3.637636 2.087457 2.744972 2.722701 3.528934 2.783777 3.260817 3.594196 2.972407 2.612584 2.793126 3.431703 3.310730 3.667632 3.842362 3.909440 3.905385 3.984831 3.806205 3.509437 3.993565 4.726129 4.984876 5.150267 5.337596 5.445850 5.408097 5.363954 5.343254 5.300410 5.508746 5.677842 6.095037 6.315411 10.696310 6.864988 10.768762 10.216018 7.157797 8.439033 7.593256 7.854937 7.413812 7.674886 6.449069 1.432723 0.000000 0.000000 0.000000 0.000000 0.000000 0.000000 0.000000 0.000000 0.000000 0.000000 0.000000 0.000000 0.000000 0.000000
4.026066 3.851854 3.100701 4.048873 2.985193 3.172005 3.135863 3.086570 2.730211 6.502028 6.618851 3.069574 3.064979 4.191315 3.770392 3.662359 3.828266 4.121900 3.955312 3.308962 3.531985 3.977391 4.269642 4.430100 4.505004 4.934151 5.142147 5.325872 5.395091 5.434452 5.316732 5.314974 5.377444 5.439428 5.554653 5.806189 6.025680 6.657035 6.626831 6.733108 10.032888 8.683791 8.017520 7.817520 7.844179 7.838076 7.455880 6.731209 2.725086 0.000000 0.000000 0.000000 0.000000 0.000000 0.000000 0.000000 0.000000 0.000000 0.000000 0.000000 0.000000 0.000000 0.000000
3.194399 2.794369 3.220908 2.926832 2.217990 3.811824 2.371893 2.188004 1.747872 3.850284 4.015515 4.042004 3.454761 3.970004 3.531915 2.935543 3.508415 2.884910 4.429163 3.346976 3.080697 3.104343 3.588383 4.541495 4.441958 4.971237 5.135189 5.084320 5.378123 5.340287 5.426327 5.352324 5.364639 5.357511 5.394633 6.061110 6.461110 6.068671 6.210167 6.633306 6.566772 8.442974 9.351070 8.776897 8.251194 7.767366 7.604176 6.469891 3.094353 0.000000 0.000000 0.000000 0.000000 0.000000 0.000000 0.000000 0.000000 0.000000 0.000000 0.000000 0.000000 0.000000 0.000000
4.157167 3.889225 3.814269 4.303257 3.666663 3.713395 5.970446 5.716139 2.629364 2.913322 2.897289 2.879593 2.340425 3.012880 3.250282 3.580369 3.340524 3.285713 3.520708 2.910384 2.996345 3.483337 4.650897 4.028615 4.658410 4.935624 5.199202 5.332045 5.319067 5.324672 5.382316 5.353224 5.399889 5.419346 5.424714 5.741111 5.520041 5.745484 5.863365 6.208338 6.627278 9.461608 7.016741 9.354659 7.669568 5.049288 6.593172 3.719379 1.768295 0.000000 0.000000 0.000000 0.000000 0.000000 0.000000 0.000000 0.000000 0.000000 0.000000 0.000000 0.000000 0.000000 0.000000
3.553731 3.764889 1.877944 3.167194 3.227287 3.437998 3.011936 3.156694 3.035113 2.351531 2.585597 2.990860 2.510170 2.475063 3.253234 2.741633 3.210704 2.809517 2.690027 2.496033 3.186783 4.056295 4.414192 4.402149 3.690353 4.864149 5.215728 5.331141 5.327575 5.406263 5.390227 5.262000 5.267599 5.156181 5.293280 5.442096 5.500477 5.384261 5.696203 6.010835 6.278810 6.692242 10.100501 6.880350 8.639649 6.691161 6.301521 6.386445 5.947967 3.519634 0.000000 0.000000 0.000000 0.000000 0.000000 0.000000 0.000000 0.000000 0.000000 0.000000 0.000000 0.000000 0.000000
3.720138 4.419440 5.115954 3.312927 2.628553 2.855093 4.275987 3.627959 4.129046 5.939163 5.494106 5.939813 5.861679 6.747831 7.833920 7.762496 8.109249 8.357087 2.143517 3.233902 3.862115 4.422290 4.512140 3.717058 4.705770 4.919904 5.065390 5.395470 5.336889 5.388651 5.386696 5.175364 5.333464 5.319258 5.383610 5.494149 5.341162 5.459179 5.681996 5.908001 6.058618 6.597556 6.628914 9.339246 6.842066 7.732582 6.618551 7.697206 7.361565 5.956306 0.000000 0.000000 0.000000 0.000000 0.000000 0.000000 0.000000 0.000000 0.000000 0.000000 0.000000 0.000000 0.000000
5.502853 5.300881 6.253025 6.975666 3.882275 4.020922 4.125992 3.603762 3.712791 3.918445 4.136454 6.854888 5.870372 5.989801 6.749847 8.265930 8.143844 8.829482 7.658374 6.499702 2.740500 4.232848 4.578878 4.796891 4.955993 5.092217 5.230788 5.458018 5.386433 5.363299 5.404187 5.235518 5.302086 5.339126 5.381026 5.306037 5.450061 5.456114 5.033166 5.898189 6.198367 6.347616 6.535820 9.511281 7.532582 7.086232 7.152917 8.020493 7.760285 7.290959 2.982309 0.000000 0.000000 0.000000 0.000000 0.000000 0.000000 0.000000 0.000000 0.000000 0.000000 0.000000 0.000000
3.912895 1.542771 2.231350 2.325374 2.736301 4.485187 4.082012 3.651957 6.530477 3.327674 4.168521 3.802425 4.220848 2.823938 2.831154 2.895488 3.601065 4.391095 4.400404 3.245060 3.624705 4.199038 3.371070 4.899389 5.017353 5.235774 5.423056 5.433079 5.385805 5.378669 5.289107 5.307015 5.296919 5.199197 5.294267 5.367551 5.246091 5.168460 5.472602 5.746365 6.059821 6.297059 9.717568 9.339246 7.042815 7.684237 7.454807 7.720493 7.454807 7.637405 6.659590 2.113559 0.000000 0.000000 0.000000 0.000000 0.000000 0.000000 0.000000 0.000000 0.000000 0.000000 0.000000
6.563514 6.768546 6.936127 7.399932 6.227989 5.661329 6.256141 6.226480 3.746501 4.649008 3.408642 2.994947 3.068149 2.596190 1.902018 2.069739 2.422742 3.786230 4.649609 4.682557 4.605800 4.241984 3.696939 5.007327 5.180982 5.342733 5.645211 5.349853 5.425087 5.371115 5.370419 5.376293 5.381127 5.380246 5.354990 5.350530 5.387213 5.300724 5.389342 5.420605 5.809738 6.253372 6.263967 9.169216 7.091664 7.924524 8.241681 8.373936 8.184543 7.585798 6.978829 4.404881 0.000000 0.000000 0.000000 0.000000 0.000000 0.000000 0.000000 0.000000 0.000000 0.000000 0.000000
0.000000 2.249229 3.373167 1.141314 0.000000 1.370060 2.992342 7.115611 6.740517 5.567390 4.516767 3.154283 2.823527 3.575888 3.041663 2.634529 3.709497 3.802194 4.556654 3.961502 4.635225 4.197204 4.559023 4.867107 5.135183 5.342689 5.392749 5.375789 5.409452 5.508777 5.444109 5.396187 5.381027 5.349407 5.345258 5.380505 5.342132 5.253379 5.367502 5.305245 5.451994 6.028918 10.526622 6.244687 6.181401 6.137036 6.479702 7.547810 7.154565 7.710073 7.291196 6.363659 0.000000 0.000000 0.000000 0.000000 0.000000 0.000000 0.000000 0.000000 0.000000 0.000000 0.000000
0.000000 3.666467 4.194896 6.353473 7.217181 5.814211 7.387078 3.515829 3.219647 8.223411 8.660339 8.379687 7.395861 6.600963 6.712907 8.053762 8.924694 4.069410 3.980151 7.238824 8.177439 8.238850 4.142903 2.938358 4.482664 4.978242 5.033304 5.358889 5.478439 5.450926 5.436735 5.448244 5.475085 5.434966 5.432059 5.404591 5.196888 5.307313 5.202689 5.167128 5.479039 4.749480 11.328474 9.386642 9.212988 6.355049 6.502303 8.191233 7.503974 7.520903 7.827595 6.128835 0.000000 0.000000 0.000000 0.000000 0.000000 0.000000 0.000000 0.000000 0.000000 0.000000 0.000000
3.970641 6.707037 3.128541 3.319106 3.364376 3.289672 3.133809 3.048829 3.148091 3.618190 2.256266 3.170127 2.889380 3.080868 3.847078 4.317894 4.672213 5.697765 4.852361 3.172474 4.905706 3.141872 3.867362 4.568518 4.855677 4.979634 5.179631 5.415933 5.522618 5.474013 5.395436 5.419592 5.450860 5.465471 5.412548 5.342320 5.463620 5.362918 5.340127 5.077070 5.427737 6.014429 5.985441 9.996131 9.239911 8.190358 6.554247 6.261260 7.297393 7.151191 5.494253 7.149135 0.000000 0.000000 0.000000 0.000000 0.000000 0.000000 0.000000 0.000000 0.000000 0.000000 0.000000
5.698318 2.369367 2.091350 2.580895 2.524723 1.534236 3.526320 3.583290 3.293180 3.734527 3.208673 3.306817 3.205487 6.511010 5.726563 5.373392 4.716292 6.699210 7.597651 3.975209 3.830891 5.438765 5.503676 5.537004 4.859154 4.987947 5.306113 5.471850 5.538755 5.522302 5.383048 5.417006 5.419824 5.435158 5.460624 5.360265 5.121663 5.729157 5.304893 5.413230 5.347995 5.514429 5.558169 5.845689 5.975526 9.087415 6.685662 7.755906 7.211476 7.328824 7.057385 3.825795 0.000000 0.000000 0.000000 0.000000 0.000000 0.000000 0.000000 0.000000 0.000000 0.000000 0.000000
3.904869 2.959751 2.400891 3.642628 7.301589 5.974498 6.128784 6.229441 7.788440 7.923379 3.382757 3.719672 6.195178 3.384396 3.335496 4.081262 3.797208 5.021354 5.382517 7.236822 4.504034 5.013030 5.366349 4.827694 4.464255 5.026098 5.094192 5.123155 5.356643 5.609466 5.518317 5.373655 5.400109 5.390035 5.362185 5.336376 5.379038 5.729157 5.267160 5.063994 4.964720 4.970612 5.483698 5.449060 9.169495 5.658467 6.953438 8.074160 7.428824 7.352897 5.925369 2.259441 0.000000 0.000000 0.000000 0.000000 0.000000 0.000000 0.000000 0.000000 0.000000 0.000000 0.000000
4.392965 7.510765 6.524973 7.045829 7.215654 5.410547 5.663919 7.360382 5.605104 6.922052 5.888382 3.286734 3.798588 3.104531 3.013029 2.766966 3.476404 4.257294 4.416539 4.044661 4.210095 5.235896 5.155763 5.519690 5.131599 3.644926 5.177193 4.821701 5.196188 5.529587 5.538755 5.417006 5.368746 5.403658 5.431592 5.430489 5.339789 5.289638 5.163472 5.178569 5.315747 4.967883 4.664881 6.150947 5.624477 10.890464 10.014728 7.252483 6.411392 6.821850 6.378592 1.030631 0.000000 0.000000 0.000000 0.000000 0.000000 0.000000 0.000000 0.000000 0.000000 0.000000 0.000000
4.373059 3.872184 4.219316 3.559842 3.746799 4.250286 4.304452 4.544080 4.008077 3.417757 4.567997 4.085487 4.509408 8.026768 7.338692 7.946009 5.011219 4.937756 4.035119 4.110594 4.140804 4.806098 4.308205 5.422508 5.398224 5.064364 5.069176 5.422441 4.998697 5.214639 5.638208 5.408699 5.446115 5.315085 5.408504 5.430396 5.255470 5.235572 4.599792 5.131843 4.665003 4.659545 4.967413 5.549066 5.520454 8.790297 9.567655 7.171158 7.385544 4.911230 4.643962 3.927566 0.000000 0.000000 0.000000 0.000000 0.000000 0.000000 0.000000 0.000000 0.000000 0.000000 0.000000
4.311257 4.138332 3.407403 2.676624 2.766099 3.146691 3.319921 3.050515 3.353613 4.300868 4.060336 7.278866 7.705502 7.048089 7.153625 7.125527 6.630947 4.684399 4.116735 4.211803 4.784480 4.740711 4.230027 4.967578 5.173916 5.415757 5.391947 5.520881 5.435208 4.949479 5.176413 5.567498 5.516817 5.377216 5.457888 5.444604 5.256068 5.315085 4.263336 5.371986 5.277480 5.354233 5.082272 5.438495 5.505348 5.751765 10.561087 8.266974 6.903715 5.884021 6.392043 5.102122 0.000000 0.000000 0.000000 0.000000 0.000000 0.000000 0.000000 0.000000 0.000000 0.000000 0.000000
8.476986 6.797238 7.028584 7.178505 3.147711 4.258847 3.926048 4.613821 4.533442 7.098559 7.170678 4.566519 4.728079 4.641526 4.350710 4.297494 3.039982 4.841243 4.587606 4.417743 4.639618 4.269256 5.283915 5.491438 5.554587 5.475925 5.619303 5.536379 5.154870 4.807755 5.176747 5.516817 5.507936 5.517260 5.544356 5.502387 5.420406 5.309862 5.174449 5.101669 5.020593 5.313068 4.809177 5.323650 5.471793 5.414229 5.688323 10.073107 7.784013 6.505643 7.385800 5.452731 3.607177 0.000000 0.000000 0.000000 0.000000 0.000000 0.000000 0.000000 0.000000 0.000000 0.000000
6.302065 4.229951 4.697248 6.711009 3.673258 4.624275 5.302008 4.929708 4.692793 3.130543 4.906219 3.667173 4.388199 3.674182 3.271565 4.168947 2.669686 4.635274 4.268682 3.060463 3.737161 4.206877 5.014642 5.393191 7.853554 7.153554 5.664862 5.319727 5.331002 4.891437 5.289383 5.469761 5.494180 5.515165 5.528637 5.501249 5.379480 5.381004 5.157876 4.844847 5.053973 5.341079 4.989163 5.141550 5.518646 5.425135 5.527379 5.693598 9.082905 10.226358 10.587540 7.503478 7.018997 0.000000 0.000000 0.000000 0.000000 0.000000 0.000000 0.000000 0.000000 0.000000 0.000000
4.457810 6.457559 5.357559 4.537866 3.415237 5.174279 5.471068 5.407224 5.143857 4.585889 3.488563 3.801266 3.403135 3.865145 3.855127 3.718532 5.001292 3.908932 7.128417 2.639317 4.355757 3.804458 4.012522 4.846386 5.569575 5.603303 5.597919 6.043442 5.243442 4.981710 5.361322 5.456665 5.456664 5.438397 5.401808 5.362507 5.184159 5.090741 5.133285 4.855647 5.010458 4.425734 5.124173 4.904952 5.363896 5.473431 5.573598 5.859828 6.027060 5.919340 9.801583 9.017341 8.068305 0.000000 0.000000 0.000000 0.000000 0.000000 0.000000 0.000000 0.000000 0.000000 0.000000
4.070991 5.360898 5.037007 4.561119 4.183274 6.746144 7.364513 5.883677 5.111615 5.141989 6.093692 4.880510 4.664625 5.041225 5.403814 5.527024 5.098299 5.670871 7.349738 5.557168 3.275460 4.894010 4.856739 5.416134 4.993556 5.519100 5.534161 5.402629 5.000738 5.191960 5.693675 5.592940 5.297336 5.224329 5.350691 5.140487 4.656174 5.103126 10.605005 5.326967 4.959784 4.585014 5.342689 5.070068 5.154464 5.501977 5.370342 5.604657 5.877394 5.556443 5.937580 9.548712 8.356249 0.000000 0.000000 0.000000 0.000000 0.000000 0.000000 0.000000 0.000000 0.000000 0.000000
5.096587 5.577397 4.910245 4.994798 4.365845 5.060161 5.945274 0.000000 0.000000 0.000000 0.000000 0.000000 0.000000 0.000000 0.000000 0.000000 0.000000 0.000000 0.000000 3.380364 5.205395 6.967267 5.078914 5.160454 5.613902 5.658200 5.671069 5.035599 8.638002 7.791811 4.339773 5.590975 5.318787 6.517714 5.448538 5.359804 5.440216 5.486925 5.187039 9.987870 5.268532 10.044952 4.802914 4.407874 5.442103 5.022003 5.072006 5.517272 5.526475 11.036153 5.211862 5.560452 9.216910 6.191438 0.000000 0.000000 0.000000 0.000000 0.000000 0.000000 0.000000 0.000000 0.000000
0.000000 0.000000 0.000000 0.000000 0.000000 0.000000 0.000000 0.000000 0.000000 0.000000 0.000000 0.000000 0.000000 0.000000 0.000000 0.000000 0.000000 0.000000 0.000000 0.000000 0.000000 4.607288 6.670008 6.033492 6.433875 5.690890 4.065274 8.232839 2.909726 4.326104 5.204959 5.674358 5.698279 5.917714 5.669185 5.416505 5.579808 5.406678 9.884675 5.263029 9.902720 4.417963 5.112463 4.704408 4.994656 5.144038 5.417049 5.378093 10.774028 5.685360 10.333808 5.920371 5.797206 6.490975 0.000000 0.000000 0.000000 0.000000 0.000000 0.000000 0.000000 0.000000 0.000000
